66.38715000367712 -0.2983937504596408
33.9343913645992 -0.4835978411497995
22.972956431853277 -0.614858661944978
17.431844709357403 -0.7159223546787014
14.074554248490363 -0.7965964053064769
11.816350039290505 -0.8622625294678794
10.190039309680385 -0.9162843959703357
8.96105980216104 -0.9610598021610407
7.998597513394824 -0.9984222025691768
7.22384746328548 -1.0298093291068506
6.586439250701128 -1.0563539697140505
6.052632798652471 -1.078949197978707
5.598954412630292 -1.0983009205242245
5.208554368585594 -1.1149701450247897
4.869016513152221 -1.1294059621604151
4.570985318172012 -1.1419706363440234
4.307274584482462 -1.1529584920252303
4.072271183193497 -1.162610162185367
3.8615256624342837 -1.1711234482814241
3.6714646905124297 -1.1786617262810741
3.499184972363959 -1.185360552455393
3.3423028780243538 -1.191332914566973
3.1988429352222627 -1.1966734387640057
3.0671539250598627 -1.201461775179588
2.945844905069324 -1.2057653283416383
2.8337358339729333 -1.2096414604120331
2.7298190425753015 -1.2131392686916431
2.633228862658637 -1.2163010193052295
2.5432174631196123 -1.2191633038085938
2.4591354595177326 -1.2217579731914978
2.38041623061059 -1.2241128936160364
2.306563139948979 -1.2262525597959175
2.2371390533126165 -1.2281985949145438
2.1717576847520217 -1.2299701601960917
2.1100764097172777 -1.231584292513089
2.0517902632401737 -1.2330561845807828
1.9966269014511948 -1.2343994192117766
1.94434235087476 -1.2356261666551098
1.8947174055607594 -1.2367473521087018
1.8475545597949126 -1.2377727989745622
1.8026753858027453 -1.2387113522390698
1.759918282940308 -1.2395709854366168
1.7191365384070219 -1.2403588939377428
1.6801966503175658 -1.2410815767466117
1.6429768726331178 -1.2417449085612868
1.6073659484374672 -1.2423542035154356
1.573262003703635 -1.2429142717588544
1.5405715783050369 -1.2434294698302217
1.5092087747942489 -1.2439037456147755
1.47909450856837 -1.2443406785523123
1.4501558455936143 -1.2447435156592919
1.4223254159764274 -1.245115203846778
1.3955408934263174 -1.2454584189493523
1.3697445321222401 -1.2457755918251203
1.344882753722383 -1.2460689318413833
1.3209057782888867 -1.2463404480222053
1.2977672937686493 -1.2465919681016266
1.2754241594066813 -1.2468251556984404
1.253836139092131 -1.2470415258044658
1.2329656611676456 -1.2472424587573414
1.212777601685332 -1.2474292128506559
1.1932390884797537 -1.24760293571809
1.17431932376052 -1.2477646746140962
1.1559894232126213 -1.2479153857009704
1.1382222698388949 -1.2480559424410194
1.1209923809918045 -1.248187143182389
1.104275787226068 -1.2483097180183202
1.0880499217636963 -1.2484243349914201
1.0722935195023082 -1.248531605707408
1.056986524619013 -1.2486320904163648
1.042110005928298 -1.2487263026136435
1.0276460792452697 -1.2488147132074292
1.0135778360871477 -1.2488977542952224
0.9998892781175526 -1.2489758225873622
0.9865652568012594 -1.2490492825118065
0.973591417792748 -1.2491184690311075
0.9609541496311009 -1.2491836901993474
0.948640536357342 -1.2492452294840857
0.9366383137089526 -1.2493033478759075
0.9249358285805892 -1.2493582858058914
0.9135220014705498 -1.2494102648893175
0.9023862916597198 -1.249459489512129
0.8915186648939846 -1.2495061482750907
0.8809095633627622 -1.249550415309002
0.8705498777857066 -1.2495924514731322
0.860430921437005 -1.249632405447804
0.8505444059522744 -1.249670414730984
0.8408824187770698 -1.2497066065477682
0.8314374021286194 -1.2497410986808906
0.8222021333537236 -1.2497740002293904
0.813169706576012 -1.2498054123021358
0.8043335155349631 -1.2498354286520763
0.7956872375274507 -1.2498641362566163
0.7872248183701225 -1.2498916158489395
0.7789404583077683 -1.2499179424047473
0.7708285987990279 -1.2499431855883345
0.7628839101164239 -1.2499674101616398
0.7551012797028187 -1.2499906763595288
0.7474758012310557 -1.2500130402343141
0.7400027643177713 -1.2500345539721416
