66.57943517673148 -0.32242939709143437
34.01520270850193 -0.5038006771254835
23.021087183826566 -0.6329076939349628
17.462604230117176 -0.7313021150585873
14.094159953317515 -0.8088499708234471
11.828654796809504 -0.8714910976071291
10.197931604297244 -0.9231901537600895
8.96660776114271 -0.966607761142709
8.003131436650383 -1.0035228662316806
7.228112446906098 -1.0351405586326228
6.590770637467123 -1.0623096265172947
6.0571104666905775 -1.0856657000358665
5.603518999389228 -1.1057183740074943
5.2130857595141915 -1.1229000791498343
4.873381920780838 -1.1375911014640714
4.575065551510687 -1.1501311030213743
4.310975958595296 -1.1608239120150021
4.075528703649964 -1.16993958321242
3.8643013962019297 -1.177715815979583
3.6737438493721752 -1.184359623430438
3.5009712333631624 -1.1900494875783012
3.3436137914392035 -1.1949379264578102
3.1997058407568546 -1.1991542921759568
3.0676025382939485 -1.2028076148818456
2.9459165908434666 -1.2059893463858324
2.8334695094696567 -1.2087759057763854
2.729253621604397 -1.211230972914841
2.6324021454479336 -1.213407509067768
2.5421653812103653 -1.215349506887573
2.457891596307463 -1.2170934861529872
2.3790115507918594 -1.218669759318456
2.3050258735052678 -1.220103494021072
2.2354946908800346 -1.2214155998801421
2.1700290506803337 -1.2226234653914185
2.108283787037656 -1.223741568289745
2.0499515511038946 -1.2247819799675257
1.9947577906428786 -1.2257547817233134
1.942456506939652 -1.2266684079633463
1.8928266521197354 -1.2275299290837107
1.8456690569316472 -1.2283452846582363
1.8008038001459072 -1.2291194757477748
1.758067947354688 -1.229856723612112
1.7173136001522402 -1.2305606008182914
1.6784062072122916 -1.2312341396676045
1.641223097240373 -1.231879921977098
1.6056522006123914 -1.2325001535212514
1.571590932057951 -1.2330967258404635
1.538945211272037 -1.2336712676322212
1.5076286020473213 -1.2342251875398442
1.477561553572198 -1.2347597098262375
1.448670730063202 -1.235275904152912
1.420888416994854 -1.2357747104665502
1.3941519939347249 -1.236256959817552
1.3684034654503394 -1.2367233917897904
1.3435890427785093 -1.237174669102253
1.3196587699780225 -1.2376113898461572
1.2965661891567553 -1.2380340977418818
1.2742680401013515 -1.2384432907347978
1.2527239902638267 -1.2388394281957227
1.2318963915930181 -1.2392229369476353
1.2117500611546406 -1.2395942163041338
1.1922520828741923 -1.23995364227499
1.173371628072314 -1.2403015710694727
1.1550797927509229 -1.2406383420073834
1.1373494498376144 -1.2409642799306173
1.1201551148113618 -1.2412796971937343
1.1034728233194009 -1.2415848952999826
1.0872800195575483 -1.2418801662391614
1.0715554543275612 -1.2421657935752144
1.05627909180848 -1.2424420533241987
1.0414320241867432 -1.242709214657345
1.0269963933842885 -1.2429675404585963
1.0129553192067635 -1.2432172877617171
0.9992928333068455 -1.2434587080883206
0.9859938184218517 -1.2436920477048603
0.9730439524014761 -1.243917547814023
0.9604296565915305 -1.2441354446934796
0.9481380481838986 -1.244345969793012
0.9361568961822045 -1.2445493497992695
0.9244745806675884 -1.2447458066758827
0.9130800550800448 -1.2449355576854537
0.9019628112584163 -1.2451188153987673
0.8911128470068114 -1.2452957876956667
0.8805206359772584 -1.2454666777612122
0.8701770996781184 -1.2456316840800081
0.8600735814354545 -1.2457910004311374
0.8502018221503808 -1.2459448158853912
0.8405539377096651 -1.2460933148063156
0.8311223979196452 -1.2462366768560513
0.8219000068450438 -1.2463750770067437
0.8128798844446588 -1.2465086855579928
0.8040554494052686 -1.2466376681605893
0.7954204030835917 -1.2467621858467532
0.78696871447376 -1.2468823950666814
0.7786946061247495 -1.2469984477313998
0.7705925409384662 -1.2471104912615951
0.7626572097849209 -1.2472186686421656
0.7548835198760918 -1.2473231184821245
0.747266583844805 -1.247423975079462
0.7398017094792436 -1.2475213684905453
