0.1 -0.3321708389574469
0.2 -0.5560615687107667
0.3 -0.7048834165250764
0.4 -0.8086868521889157
0.5 -0.8844371879585486
0.6 -0.9417673114604406
0.7 -0.9868570328538286
0.8 -1.0235530550335292
0.9 -1.0542394915411941
1.0 -1.0803666917864176
1.1 -1.1028271564102698
1.2 -1.1222017123311416
1.3 -1.1389043559456862
1.4 -1.1532651474176028
1.5 -1.1655725624876399
1.6 -1.1760899270221308
1.7 -1.185059944098565
1.8 -1.192704028851494
1.9 -1.19922062063632
2.0 -1.204784261370166
2.1 -1.209545902929035
2.2 -1.213634283845514
2.3 -1.2171580077830386
2.4 -1.2202079585654477
2.5 -1.2228597723688441
2.6 -1.2251761822466327
2.7 -1.2272091353691172
2.8 -1.2290016408734878
2.9 -1.2305893443109754
3.0 -1.2320018466551008
3.1 -1.2332637960571793
3.2 -1.2343957839999877
3.3 -1.2354150768255776
3.4 -1.2363362108567562
3.5 -1.2371714757195365
3.6 -1.237931306714939
3.7 -1.2386246035623012
3.8 -1.2392589897117783
3.9 -1.2398410237547086
4.0 -1.2403763722333754
