0.1 -0.3930006371883823
0.2 -0.5992787697167572
0.3 -0.7361020887491744
0.4 -0.8354644546189807
0.5 -0.9108427626148818
0.6 -0.9694151296045357
0.7 -1.0156361832760614
0.8 -1.0525213698303864
0.9 -1.0822202276201716
1.0 -1.1063181789157364
1.1 -1.1260108676299279
1.2 -1.1422139292779347
1.3 -1.1556362616889344
1.4 -1.1668309029027228
1.5 -1.176231595107784
1.6 -1.1841798907109573
1.7 -1.1909457194732451
1.8 -1.196743198499956
1.9 -1.2017428606280336
2.0 -1.2060811295635177
2.1 -1.2098676657044245
2.2 -1.213191070886722
2.3 -1.2161233138696934
2.4 -1.218723166040741
2.5 -1.2210388859096062
2.6 -1.2231103302497477
2.7 -1.2249706184197224
2.8 -1.2266474426024303
2.9 -1.2281640970444871
3.0 -1.229540287433757
3.1 -1.2307927712636255
3.2 -1.2319358691195028
3.3 -1.2329818767078222
3.4 -1.2339413995597495
3.5 -1.2348236265350603
3.6 -1.2356365540744134
3.7 -1.2363871703755556
3.8 -1.2370816069114507
3.9 -1.2377252634555918
4.0 -1.238322911712355
