0.1 -0.3635930714079872
0.2 -0.5550173356351481
0.3 -0.6835066248831425
0.4 -0.7788204862778108
0.5 -0.8547583653612263
0.6 -0.9178322194996441
0.7 -0.9712838982802228
0.8 -1.0167919478533278
0.9 -1.055294163300833
1.0 -1.0875045837473178
1.1 -1.1141351535940025
1.2 -1.1359459003133066
1.3 -1.1537002448510116
1.4 -1.1681148967660793
1.5 -1.1798245907152074
1.6 -1.1893663955195233
1.7 -1.1971804392896246
1.8 -1.2036197657427077
1.9 -1.2089637901301475
2.0 -1.2134320384135997
2.1 -1.2171964987615078
2.2 -1.2203919790058335
2.3 -1.223124443679172
2.4 -1.2254775532899842
2.5 -1.2275177202521834
2.6 -1.2292979851644505
2.7 -1.230860978675441
2.8 -1.2322411846484396
2.9 -1.2334666735898692
3.0 -1.2345604357497135
3.1 -1.235541411691473
3.2 -1.2364252937034643
3.3 -1.2372251529311207
3.4 -1.237951933279664
3.5 -1.2386148428616472
3.6 -1.2392216661515545
3.7 -1.2397790143697551
3.8 -1.2402925274297225
3.9 -1.240767037661328
4.0 -1.241206703184299
