512.4326497480728 -0.054081218509099076
256.42399599045314 -0.10599899761328917
171.08490897716922 -0.15684086643846176
128.41294664494137 -0.20647332247068173
102.80765315904436 -0.2547832244027307
85.73556954048085 -0.3016771553606431
73.53952056718546 -0.34708049628727183
64.39093628470087 -0.39093628470087677
57.273959039166975 -0.43320391906284805
51.57908620618508 -0.47385775773135835
46.91846229392657 -0.5128856541490288
43.03352497695422 -0.5502874654313213
39.74527604204995 -0.5860735683311714
36.92586480759793 -0.6202634132963868
34.48153820972094 -0.6528841432267607
32.3419846492159 -0.6839692984318028
30.453438881656243 -0.7135576235195233
28.774085327142174 -0.7416919860698934
27.270913015374514 -0.7684184115144772
25.917514093618887 -0.7937852340472199
24.692511375163967 -0.8178423598054039
23.578414776715388 -0.8406406359673203
22.56077611049622 -0.8622313176766309
21.627555207882924 -0.8826656236487742
20.768638198654404 -0.9019943707950154
19.975466977882586 -0.9202676781184118
19.240751031237973 -0.9375347304281585
18.558241026575512 -0.9538435930143008
17.92254926047592 -0.9692410692252013
17.329006025008503 -0.9837725937818879
16.77354378207815 -0.997482155552827
16.25260306108862 -1.0104122443544783
15.76305547082061 -1.0226038171350273
15.302140301094656 -1.0340962796522917
14.86741199553544 -1.0449274804675486
14.456696381048488 -1.0551337147181903
14.068053996902197 -1.0647497356726625
13.69974921526247 -1.073808772496733
13.350224113432692 -1.0823425529843667
13.018076266052457 -1.0903813302622851
12.702039787844026 -1.0979539127006248
12.40096908504269 -1.1050876964741136
12.113824874496041 -1.111808700416222
11.839662109631162 -1.1181416029713922
11.577619516648856 -1.1241097811498104
11.326910495897373 -1.1297353514098896
11.086815185079645 -1.1350392123429116
10.856673514823555 -1.1400410889413353
10.635879114797783 -1.1447595781364133
10.42387395123612 -1.1492121952257466
10.220143595418623 -1.15341542079372
10.024213038116093 -1.1573847477546038
9.835642977841838 -1.1611347282021707
9.654026521453314 -1.164679019809861
9.478986244592674 -1.168030431574633
9.310171566961207 -1.1712009687284615
9.14725640374114 -1.1742018766556257
8.98993705981504 -1.1770436836590346
8.837930337955758 -1.1797362424237106
8.690971836004852 -1.182288770036393
8.548814411336341 -1.184709886439612
8.411226793706481 -1.187007651225234
8.277992329994046 -1.1891895987031131
8.148907846401425 -1.1912627712113963
8.023782615466228 -1.193233750663098
7.902437416769359 -1.1951086883472168
7.784703681554764 -1.1968933330211553
7.670422712628825 -1.1985930573450074
7.559444971909327 -1.2002128827179546
7.451629428866689 -1.2017575025835376
7.346842963861904 -1.2032313042744034
7.244959821052144 -1.2046383894692985
7.145861106118967 -1.2059825933355706
7.049434324587019 -1.2072675024299253
6.955572956952404 -1.2084964714287891
6.864176067237628 -1.2096726387574677
6.775147941941258 -1.2107989411846016
6.688397756661064 -1.2118781274453732
6.603839267944657 -1.2129127709534904
6.521390528165867 -1.2139052816586613
6.440973621442247 -1.2148579171027432
6.362514418802415 -1.2157727927247444
6.285942350984272 -1.216651891461819
6.211190197399131 -1.2174970726908783
6.138193889934417 -1.2183100805531737
6.066892330390899 -1.2190925517021587
5.997227220460981 -1.2198460225131635
5.929142903253801 -1.2205719357918068
5.862586215462146 -1.221271647016382
5.797506349346495 -1.2219464301480718
5.733854723783834 -1.2225974830411093
5.671584863694209 -1.2232259324834018
5.610652287216881 -1.2238328388962452
5.5510144000612405 -1.2244192007195782
5.492630396505846 -1.2249859585069256
5.435461166562619 -1.2255339987514282
5.379469208862816 -1.22606415746165
5.3246185488573925 -1.2265772235030594
5.27087466195706 -1.2270739417186185
5.218204401267193 -1.2275550158399118
5.166575929599916 -1.228021111198939
5.115958655470593 -1.2284728572500636
5.0663231728086595 -1.2289108499114834
5.017641204133543 -1.229335653736056
4.969885546965469 -1.229747803921775
4.923030023258313 -1.230147808172643
4.877049431657643 -1.230536148420988
4.831919502401639 -1.2309132824221176
4.787616854695916 -1.2312796452318535
4.744118956405588 -1.2316356505768358
4.701404085919041 -1.2319816921266988
4.659451296048309 -1.2323181446763225
4.61824037984039 -1.232645365245512
4.577751838182648 -1.23296369410274
4.537966849093482 -1.2332734557187965
4.498867238596945 -1.233574959655692
4.460435453086885 -1.2338685013956938
4.422654533092537 -1.2341543631149268
4.3855080883634106 -1.2344328144057344
4.348980274196775 -1.2347041129516174
4.3130557689360955 -1.2349685051584418
4.277719752573458 -1.2352262267452432
4.242957886393355 -1.2354775032978345
4.208756293599234 -1.2357225507881275
4.175101540867962 -1.2359615760619012
4.141980620780791 -1.236194777297474
4.109380935082681 -1.2364223444375655
4.077290278724776 -1.2366444595964143
4.045696824647686 -1.236861297443944
4.014589109265765 -1.2370730255686926
3.9839560186150194 -1.2372798048209372
3.9537867751295366 -1.2374817896373558
3.924070925013436 -1.2376791283483786
3.894798326177271 -1.237871963469292
3.8659591367096904 -1.2380604319760216
3.83754380385685 -1.2382446655664612
3.8095430534836847 -1.2384247909080968
3.781947879992619 -1.2386009298726746
3.7547495366767496 -1.2387731997585314
3.727939526485787 -1.2389417135012757
3.7015095931843036 -1.2391065798733454
3.675451712882987 -1.239267903673029
3.649758085924674 -1.2394257859035516
3.6244211291079247 -1.2395803239426415
3.5994334682318985 -1.2397316117031651
3.5747879309471395 -1.2398797397852874
3.5504775398977206 -1.2400247956206087
3.5264955061410133 -1.2401668636087477
3.5028352228320427 -1.2403060252467928
3.4794902591601082 -1.2404423592520348
3.456454354526006 -1.2405759416783568
3.4337214129487728 -1.2407068460266895
3.411285497691496 -1.2408351433498506
3.3891408260962144 -1.240960902352135
3.367281764618527 -1.2410841894839562
3.3457028240529154 -1.2412050690318506
3.3243986549403375 -1.241323603204125
3.3033640431499953 -1.24143985221241
3.2825939056276416 -1.2415538743493715
3.2620832863031404 -1.2416657260628043
3.2418273521503758 -1.241775462026318
3.22182138939293 -1.241883135206833
3.202060799849277 -1.2419887969290226
3.1825410974115558 -1.2420924969368976
3.1632579046522515 -1.242194283452692
3.1442069495534044 -1.2422942032331379
3.1253840623532128 -1.2423923016233103
3.106785172505148 -1.2424886226081129
3.088406305744926 -1.2425832088615547
3.0702435812608884 -1.2426761017938697
3.0522932089635844 -1.242767341596624
3.0345514868505052 -1.2428569672858663
3.0170147984621236 -1.2429450167434155
2.9996796104255816 -1.2430315267563976
2.9825424700825183 -1.2431165330550815
2.9656000031976872 -1.2432000703491206
2.948848911745187 -1.2432821723622602
2.932285971769241 -1.243362871865612
2.915908031316629 -1.2434422007095627
2.8997120084379726 -1.243520189854379
2.8836948892552314 -1.2435968693996087
2.8678537260928496 -1.2436722686123245
2.8521856356701325 -1.243746415954276
2.836687797352523 -1.2438193391080339
2.8213574514595527 -1.243891065002162
2.806191897627332 -1.2439616198354728
2.791188493223548 -1.2440310291004315
2.7763446518130097 -1.2440993176057373
2.761657841671878 -1.2441665094981156
2.7471255843487743 -1.2442326282833862
2.732745453271071 -1.2442976968468116
2.7185150723946983 -1.2443617374727574
2.7044321148959045 -1.2444247718636954
2.6904943019034464 -1.24448682115858
2.6766994012697674 -1.244547905950585
2.663045226379766 -1.244608046304263
2.649529634995821 -1.2446672617720898
2.6361505281377964 -1.2447255714104621
2.622905848996789 -1.244782993795124
2.6097935818814415 -1.2448395470360432
