129.555080964595 -0.1943851205743745
65.44479174730087 -0.3611979368252175
43.98689325134419 -0.49508496925407336
33.20941734680544 -0.604708673402719
26.71302644689907 -0.6956415293119217
22.36232423275928 -0.7717431745694615
19.240948356453316 -0.8358298118966534
16.89004091542928 -0.8900409154292799
15.054270615766 -0.9360544427367519
13.580174834071002 -0.9752185425887526
12.36991633350104 -1.00863495856393
11.358142769019459 -1.0372141535291883
10.499516181821962 -1.0617137954606874
9.761581223517325 -1.082767141155318
9.120482606592818 -1.1009048873615337
8.558286254611746 -1.1165725092234915
8.061244390493343 -1.130144329798355
7.61863783457477 -1.1419351277932317
7.221983076690698 -1.1522098071404074
6.8644765908342364 -1.1611914770855905
6.540597411231069 -1.1690682044815532
6.245817694352906 -1.1759986594704892
5.9763884675942744 -1.1821168443335377
5.729178687041867 -1.1875360611256036
5.501552717268846 -1.1923522414651437
5.291275919280739 -1.1966467376624002
5.096441084103304 -1.2004886588486514
4.915410521398279 -1.203936824893975
4.746770041577763 -1.2070414007193913
4.589292070207181 -1.2098452632769296
4.441905843716485 -1.2123851444013796
4.303673146492689 -1.2146925859707562
4.173768421520406 -1.2167947387716747
4.0514623604580455 -1.2187150319466926
3.9361082823828863 -1.2204737354251285
3.8271307630150866 -1.2220884335678905
3.7240160918206313 -1.223574424670421
3.626304222740675 -1.224945058018206
3.533581952392907 -1.2262120179154206
3.4454771125134855 -1.2273855625674255
3.3616536048311554 -1.2284747247596717
3.2818071391609074 -1.2294874805947626
3.2056615612694412 -1.2304308918232456
3.132965677537691 -1.231311226457299
3.0634904998196717 -1.2321340614856529
2.9970268470833945 -1.2329043707295166
2.9333832511069584 -1.2336266002533796
2.8723841222121536 -1.2343047332729222
2.8138681381477726 -1.2349423461551081
2.7576868250950928 -1.2355426568443297
2.703703304602472 -1.2361085668407585
2.651791184258777 -1.2366426976820488
2.601833573241867 -1.2371474227273678
2.5537222066534584 -1.237624894910844
2.507356664875624 -1.2380770710199143
2.462643676137553 -1.2385057329628715
2.4194964921287956 -1.2389125064176714
2.3778343278894045 -1.2392988771981834
2.337581858390672 -1.2396662056312064
2.298668765227092 -1.2400157392031892
2.2610293276992293 -1.2403486237066235
2.224602053301888 -1.2406659130896318
2.1893293432618424 -1.2409685781870077
2.155157189310864 -1.2412575144869102
2.1220348983463966 -1.2415335490644706
2.0899148420354625 -1.241797446792569
2.0587522287666777 -1.2420499159209268
2.028504895658647 -1.2422916130985033
1.9991331185971775 -1.2425231479006573
1.9705994385042926 -1.242745086912559
1.9428685022436916 -1.242957957412762
1.9159069167439635 -1.2431622506956714
1.8896831150759206 -1.2433584250677745
1.8641672333566865 -1.2435469085493507
1.8393309974731442 -1.2437281013107269
1.8151476187231392 -1.2439023778698213
1.791591697566307 -1.2440700890757057
1.768639134759099 -1.2442315639012171
1.7462670492218915 -1.2443871110661797
1.7244537020511266 -1.2445370205112654
1.7031784261472551 -1.2446815647409575
1.682421560980704 -1.2448210000522146
1.6621643920639417 -1.2449555676633952
1.6423890947386424 -1.2450854947557455
1.623078681923517 -1.2452109954373678
1.604216955501165 -1.2453322716375221
1.585788461051685 -1.2454495139370765
1.5677784456672328 -1.2455629023395622
1.5501728186054964 -1.245672606986148
1.5329581145615572 -1.2457787888175167
1.5161214593569463 -1.2458816001852628
1.4996505378622345 -1.2459811854156986
1.4835335639852874 -1.2460776813289673
1.4677592525716336 -1.246171217716695
1.452316793076329 -1.2462619177814076
1.437195824878418 -1.2463498985410173
1.4223864141197171 -1.2464352712015698
1.4078790319592849 -1.246518141501241
1.3936645341437137 -1.2465986100284576
1.379734141801329 -1.2466767725166117
