35.0000784046035 -0.375009800575437
18.39756194287864 -0.5993904857196594
12.659252909039884 -0.7472198408899561
9.702885547855074 -0.8514427739275371
7.885909268477865 -0.9286932927986656
6.650137927333822 -0.9876034455003662
5.752486942576259 -1.0334260747542259
5.069536670936582 -1.0695366709365821
4.5318063566994 -1.0982821512868248
4.0970968372270224 -1.121371046533778
3.7382271082891805 -1.1400622738976227
3.4368690231828167 -1.1553035347742249
3.1801962316494166 -1.167818876430302
2.95895273880246 -1.1781672929043057
2.766284505441742 -1.1867834477032668
2.597003568577522 -1.1940071371550438
2.447108351878447 -1.2001052477417
2.3134614700374168 -1.205288307584188
2.1935675892375124 -1.2097230244390917
2.085416770181542 -1.2135419254538553
1.987371758801445 -1.216850866853793
1.8980853938296496 -1.2197348330315363
1.8164391001330056 -1.222262412882391
1.7414964298025346 -1.224489289407604
1.6724675031742158 -1.2264609474194237
1.6086814653428385 -1.2282147623642252
1.5495649248761152 -1.2297816214568889
1.4946249124209448 -1.2311871934733072
1.443435290395108 -1.2324529276822664
1.395625824540319 -1.2335968420261967
1.3508733287252628 -1.2346341488103931
1.308894438767459 -1.235577755069836
1.2694396764557239 -1.236438665379861
1.2322885430634292 -1.2372263080195736
1.197245439988669 -1.237948799950426
1.1641362582386472 -1.238613162073913
1.132805512227443 -1.239225494051924
1.1031139193133983 -1.239791116738642
1.074936346461141 -1.2403146889980616
1.0481600608527644 -1.240800304263821
1.0226832333523095 -1.241251570930587
0.9984136532748277 -1.2416716796928453
0.975267620509624 -1.2420634602392289
0.9531689871260692 -1.2424294291933808
0.932048325476762 -1.242771830806786
0.9118422037593615 -1.2430926716163284
0.8924925532006972 -1.2433937500540966
0.8739461136368994 -1.243676681821397
0.8561539463999122 -1.2439429216994626
0.8390710051771189 -1.2441937823569924
0.8226557569603418 -1.2444304506221788
0.8068698464015195 -1.2446540016098766
0.7916777978911727 -1.244865411029019
0.777046750509551 -1.2450655659394692
0.7629462216988944 -1.2452552741798983
0.7493478960927373 -1.2454352726491615
0.736225436434304 -1.245606234594416
0.7235543139365228 -1.245768776039791
0.7113116557936245 -1.2459234614779804
0.6994761078583149 -1.2460708089373622
0.6880277107569434 -1.2462112945216934
0.6769477879347331 -1.2463453564941818
0.6662188443108806 -1.2464733989481847
0.6558244743855001 -1.2465957950840005
0.6457492787820831 -1.2467128901044253
0.6359787883332705 -1.2468250037494815
0.6264993949259667 -1.246932432504971
0.6172982884153968 -1.2470354515308724
0.6083633989982736 -1.2471343163601107
0.5996833445047766 -1.2472292644167953
0.5912473821292885 -1.247320516397435
0.5830453641722622 -1.2474082775503592
0.5750676974113265 -1.2474927388783543
0.5673053057597458 -1.2475740782776485
0.559749595905538 -1.2476524616144185
0.5523924256558765 -1.2477280437308278
0.5452260747396119 -1.2478009693687648
0.5382432178463801 -1.2478713740022058
0.5314368997039098 -1.2479393845761095
0.5248005120157503 -1.2480051201575029
0.5183277720997532 -1.2480686925100009
0.5120127030834307 -1.2481302066051645
0.5058496155261322 -1.2481897610836215
0.49983309035014967 -1.2482474486765718
0.49395796297370387 -1.2483033565956034
0.48821930854849344 -1.2483575668963047
0.4826124282132509 -1.2484101568191037
0.47713283628267095 -1.2484611991093801
0.4717762482982516 -1.2485107623180494
0.4665385698740609 -1.2485589110831852
0.4614158862763283 -1.248605706393234
0.4564044526810555 -1.2486512058321384
0.4515006850586636 -1.2486954638069638
0.446701151639032 -1.2487385317586255
0.4420025649142432 -1.2487804583566382
0.4374017741398959 -1.248821289678751
0.43289575829910004 -1.2488610693765876
0.42848161949619107 -1.2488998388283408
0.4241565767498705 -1.2489376372796475
0.41991796015789473 -1.2489745019736846
0.4157632054076373 -1.2490104682714211
0.41168984860886426 -1.2490455697630198
0.4076955214268855 -1.2490798383711503
0.40377794649591886 -1.2491133044469451
0.39993493309404504 -1.2491459968593415
0.39616437306251623 -1.2491779430783403
0.39246423695347643 -1.2492091692527474
0.38883257039132735 -1.2492397002829192
0.38526749063404975 -1.2492695598889278
0.38176718332178533 -1.2492987706745486
0.37832989940089756 -1.249327354187454
0.3749539522125647 -1.2493553309759062
0.3716377147357347 -1.2493827206422519
0.3683796169749799 -1.249409541893463
0.36517814348444777 -1.249435812588937
0.36203183101970493 -1.2494615497857207
0.35893926630983597 -1.249486769781351
0.3558990839426694 -1.249511488154374
0.35290996435648603 -1.2495357198027295
0.34997063193200084 -1.249559478980013
