66.69074338276414 -0.33634292284551703
34.068037819348106 -0.5170094548370261
23.052710979837315 -0.6447666174389923
17.485009009916638 -0.7425045049583195
14.113030271680788 -0.8206439198004924
11.846295251562829 -0.8847214386721216
10.214771633042943 -0.9379251789125747
8.982223288753394 -0.9822232887533932
8.016879458346803 -1.0189893906401535
7.239470518219996 -1.0493381477749943
6.599468813907496 -1.0742696191228067
6.06313588179322 -1.0947038226898296
5.6070585211927035 -1.111470096938143
5.214451507060757 -1.1252901373563253
4.872944223218753 -1.1367704185351617
4.573202951585797 -1.1464059031715932
4.308043062205984 -1.154591507187715
4.071838714463934 -1.1616371075438512
3.860119154281201 -1.1677829914178508
3.6692855955065085 -1.1732139887662714
3.4964082068769993 -1.1780715430521238
3.33907766840085 -1.1824635881023366
3.1952947510452234 -1.1864724092550178
3.0633869292866254 -1.190160787859876
2.941944559014056 -1.193576746918926
2.8297714422071305 -1.1967571871731748
2.725846120791413 -1.1997306576710187
2.6292912737232697 -1.2025194580314444
2.5393493042380406 -1.2051412278628977
2.4553627050867157 -1.207610144075184
2.3767581468521404 -1.2099378190520442
2.3030334927495035 -1.2121339709980148
2.233747132387684 -1.2142069210991955
2.1685091669100998 -1.2161639593679239
2.106974082577504 -1.2180116112765804
2.048834628847325 -1.2197558298129632
1.9938166771576682 -1.2214021318542168
1.941674882807898 -1.2229556933375165
1.8921890080594024 -1.2244214142895864
1.8451607924259037 -1.2258039621295183
1.8004112779715526 -1.2271077996042064
1.7577785146897729 -1.2283372021213077
1.717115584746083 -1.2294962680101957
1.6782888953253305 -1.2305889242893182
1.6411766986291436 -1.2316189297889322
1.6056678046823243 -1.2325898769233647
1.5716604583812612 -1.2335051929899095
1.539061356926893 -1.2343681415613579
1.5077847876429664 -1.2351818243131705
1.4777518693542677 -1.2359491834641734
1.4488898831211119 -1.2366730048970886
1.4211316802999259 -1.237355921949519
1.3944151577083805 -1.238000419818022
1.3686827911836885 -1.2386088404898974
1.343881220087847 -1.2391833881039478
1.3199608763768258 -1.2397261346377806
1.2968756527470204 -1.2402390258225202
1.2745826051300653 -1.2407238871929722
1.253041685449653 -1.241182430191192
1.2322155011002789 -1.2416162582520918
1.2120690980735658 -1.2420268728109398
1.1925697650559008 -1.2424156791832313
1.1736868561622105 -1.242783992277408
1.1553916302637395 -1.2431330421099163
1.1376571051200097 -1.2434639791000797
1.120457924742925 -1.2437778791291296
1.1037702386093944 -1.2440757483536784
1.0875715915022102 -1.2443585277687874
1.071840822900846 -1.2446270975197975
1.0565579749674754 -1.2448822809654099
1.0417042082813583 -1.2451248484970538
1.0272617245690552 -1.2453555211214957
1.0132136957605729 -1.2455749738152262
0.9995441987740705 -1.2457838386601519
0.9862381554955539 -1.2459827077708172
0.9732812774761896 -1.246172136023802
0.9606600149194992 -1.2463526436001793
0.9483615095745458 -1.2465247183518224
0.9363735511901015 -1.2466888180022522
0.9246845372192458 -1.2468453721924586
0.9132834354944961 -1.2469947843817737
0.9021597496208257 -1.2471374336134644
0.8913034868582441 -1.2472736761542818
0.8807051282873082 -1.2474038470167363
0.8703556010703408 -1.247528261372372
0.8602462526384954 -1.2476472158638248
0.8503688266503956 -1.2477609898230522
0.8407154405820407 -1.2478698464024487
0.831278564820262 -1.2479740336254155
0.8220510031433038 -1.2480737853621684
0.8130258744823287 -1.2481693222364885
0.8041965958668179 -1.248260852468405
0.795556866465181 -1.2483485726577297
0.7871006526393838 -1.2484326685127591
0.7788221739392244 -1.248513315528288
0.770715889968059 -1.2485906796167079
0.7627764880573756 -1.2486649176956797
0.7549988716927052 -1.248736178235639
0.7473781496379863 -1.248804601770081
0.7399096257097125 -1.2488703213714054
