67.00027500548096 -0.37503437568511977
34.208551761845555 -0.5521379404613884
23.13713722891109 -0.6764264608416596
17.54159677138151 -0.7707983856907542
14.15271073967287 -0.845444212295543
11.874607875085564 -0.9059559063141732
10.235048313544917 -0.9556672743518023
8.996753168999101 -0.9967531689991004
8.027368722298904 -1.030789812586267
7.247217853534899 -1.0590223169186233
6.605440433265508 -1.0824805957400732
6.068017879716767 -1.1020268195751506
5.611309725775044 -1.1183783043844462
5.2183570317732935 -1.1321248056032636
4.876664442357929 -1.1437458294211162
4.57681408609737 -1.1536281721947392
4.31156826083617 -1.162082554276861
4.075270397823157 -1.169358395102105
3.8634342282046967 -1.1756562919861548
3.6724552769711893 -1.1811381924279722
3.4994039990418666 -1.1859354974849
3.341874701054384 -1.1901554278995572
3.1978733875935714 -1.1938859893315186
3.0657332787846143 -1.1971998363538434
2.9440503307956165 -1.200157283736301
2.8316334346098078 -1.2028086624818755
2.727465532901935 -1.205196173544031
2.630672958834885 -1.207355355922097
2.540501036562893 -1.2093162575404877
2.4562945001978225 -1.2111043757418347
2.377481656252952 -1.2127414179801879
2.3035614802891127 -1.2142459211564505
2.2340930324790915 -1.215633758976253
2.1686867199856468 -1.2169185599389987
2.106997040797295 -1.218112053488167
2.0487165240047456 -1.2192243580213546
1.9935706424971535 -1.2202642215493351
1.9413135207508407 -1.221239223566494
1.8917242964056766 -1.222155944977674
1.8446040223181346 -1.2230201115906727
1.79977301768523 -1.2238367156368035
1.7570685940866584 -1.2246101189549556
1.7163430959658783 -1.2253441408165953
1.6774622059713218 -1.2260421328422695
1.6403034743173688 -1.2267070430351992
1.6047550383675475 -1.2273414706133976
1.5707145043474013 -1.227947713040984
1.5380879677383 -1.2285278064297984
1.5067891527009585 -1.2290835602933696
1.4767386539967198 -1.2296165874794975
1.4478632674475909 -1.2301283299783927
1.420095397107084 -1.2306200811960457
1.393372529085701 -1.2310930051927709
1.36763676345365 -1.2315481533121369
1.3428343968818246 -1.2319864785625438
1.3189155497229794 -1.2324088480608557
1.295833832112705 -1.2328160538030215
1.273546044412252 -1.233208821988827
1.2520119079452248 -1.2335878210960323
1.2311938225162662 -1.2339536688719952
1.2110566476574107 -1.234306938387756
1.1915675049393264 -1.2346481632797794
1.1726955990206627 -1.2349778422877202
1.1544120553977475 -1.23529644318198
1.1366897730661454 -1.2356044061624323
1.1195032905210787 -1.2359021467988989
1.1028286637104165 -1.2361900585747394
1.0866433547160934 -1.236468515086794
1.0709261300809365 -1.2367378719480784
1.0556569678209708 -1.2369984684334938
1.0408169722708338 -1.2372506289036507
1.0263882960041404 -1.2374946640372642
1.012354068153275 -1.2377308718986335
0.9986983285257609 -1.237959538863289
0.9854059669783168 -1.2381809404217217
0.9724626675661753 -1.2383953418786655
0.9598548570351072 -1.2386029989629068
0.9475696572677627 -1.2388041583606868
0.9355948413350814 -1.2389990581839292
0.9239187928383071 -1.2391879283830707
0.9125304682580587 -1.2393709911128439
0.9014193620544564 -1.2395484610581777
0.890575474286891 -1.2397205457264937
0.8799892805439613 -1.239887445711594
0.8696517039937616 -1.2400493549337162
0.8595540893822846 -1.2402064608595593
0.8496881788235003 -1.2403589447055663
0.8400460892388373 -1.240506981627209
0.8306202913165449 -1.240650740896562
0.8214035898729021 -1.2407903860701481
0.812389105507572 -1.240926075148633
0.8035702574547596 -1.2410579607297358
0.7949407475402511 -1.241186190155419
0.7864945451620674 -1.2413109056542915
0.7782258732193614 -1.2414322444799177
0.7701291949204715 -1.2415503390456568
0.7621992014067153 -1.2416653170564234
0.7544308001336965 -1.2417773016377829
0.7468191039565788 -1.2418864114626624
0.7393594208700637 -1.2419927608757968
