35.23990901046115 -0.4049886263076434
18.466778470845675 -0.6166946177114192
12.67851323306215 -0.754442462398306
9.70720942717054 -0.8536047135852698
7.885285813984352 -0.9283036337402201
6.648032388971697 -0.9860242917287729
5.750101543604157 -1.0313388506536374
5.067294403073358 -1.0672944030733584
4.529819361464939 -1.0960467816480555
4.095349945806473 -1.1191874322580908
3.7366726072235186 -1.1379248349323383
3.435461436846506 -1.1531921552697597
3.178902162134268 -1.1657160134681857
2.9577507819250877 -1.1760638683689035
2.7651620772124104 -1.1846788947732694
2.5959534730103386 -1.1919069460206775
2.4461261373179206 -1.1980180418005812
2.3125438244589875 -1.2032236050327216
2.192711590534472 -1.2076900275193714
2.0846196194037914 -1.2115490485094782
1.986630697818133 -1.214905581772599
1.8973976860366408 -1.2178436366007628
1.815802030578206 -1.2204308379123427
1.740907302277989 -1.222721906833967
1.6719236353470086 -1.2247613604594014
1.6081801897779506 -1.2265856167783398
1.5491035969968132 -1.228224639864244
1.4942009221941333 -1.2297032276794662
1.4430460757596826 -1.2310420246288498
1.3952688866858125 -1.2322583250717964
1.3505462494994045 -1.233366716810193
1.3085948992014778 -1.2343795968059108
1.269165474064155 -1.2353075805146387
1.2320376053307487 -1.236159822655682
1.1970158324574391 -1.2369442670012962
1.1639261870652957 -1.23766784179383
1.1326133221109143 -1.2383366147629784
1.102938088087535 -1.2389559184157914
1.0747754775918652 -1.2395304532603435
1.048012874851045 -1.2400643742552253
1.022548558842157 -1.2405613640660549
0.998290418203449 -1.2410246955681072
0.9751548437835426 -1.2414572853365418
0.9530657708130044 -1.241861739471524
0.9319538476233221 -1.2422403928811871
0.9117557118246494 -1.2425953429917338
0.8924133580793535 -1.2429284787162018
0.8738735842297296 -1.2432415053783779
0.8560875046810071 -1.2435359661711687
0.8390101217035175 -1.243813260646984
0.8225999467753093 -1.2440746606925968
0.8068186652939562 -1.2443213244107156
0.7916308389867424 -1.2445543082871682
0.7770036411777859 -1.2447745779500548
0.762906620761391 -1.2449830177345633
0.7493114913115019 -1.245180439180513
0.736191942250522 -1.245367588534969
0.7235234694233023 -1.2455451533189414
0.7112832227842801 -1.2457137680340657
0.6994498692147092 -1.2458740191103197
0.688003468748937 -1.246026449210645
0.6769253627103536 -1.2461715610052406
0.6661980724457914 -1.2463098205106076
0.655805207508025 -1.2464416600641999
0.6457313822747375 -1.2465674809822425
0.6359621401127334 -1.246687655930051
0.6264838843013464 -1.2468025310237756
0.6172838150213441 -1.2469124276814245
0.6083498717973047 -1.247017644251753
0.5996706808539016 -1.2471184574716392
0.591235506910233 -1.2472151238283178
0.583034208990604 -1.2473078809154357
0.5750571998742783 -1.2473969488527892
0.5672954088415761 -1.2474825317845795
0.5597402474029919 -1.247564819403049
0.55238357772642 -1.2476439884009893
0.5452176835077054 -1.2477202037616641
0.5382352430604734 -1.2477936198396156
0.5314293044294196 -1.2478643812405186
0.5247932623545968 -1.2479326235459676
0.5183208369323624 -1.2479984739401702
0.5120060538327491 -1.2480620517856784
0.505843225944642 -1.2481234691756604
0.4998269363305133 -1.2481828314703893
0.4939520223822659 -1.2482402378115747
0.4882135610792462 -1.248295781601897
0.48260685525867436 -1.2483495509380838
0.47712742081737747 -1.2484016289911521
0.4717709747716445 -1.2484520943345452
0.4665334241090221 -1.2485010212264986
0.46141085537200116 -1.2485484798565132
0.4563995249188198 -1.248594536566428
0.4514958498112106 -1.2486392540553228
0.4466963992829859 -1.2486826915750835
0.4419978867470018 -1.2487249051206466
0.4373971623013649 -1.2487659476163786
0.4328912056988258 -1.248805869098263
0.4284771197461432 -1.248844716890255
0.42415212410285014 -1.2488825357727704
0.41991354945130543 -1.2489193681413182
0.41575883201218444 -1.2489552541538285
0.41168550838163837 -1.2489902318658888
0.40769121066826847 -1.2490243373539562
0.4037736619097871 -1.2490576048272326
0.39993067175082125 -1.2490900667295293
0.3961601323647393 -1.2491217538327963
0.3924600146036686 -1.2491526953240668
0.38882836436204804 -1.2491829188876489
0.38526329914011215 -1.2492124507840279
0.38176300479466646 -1.249241315926664
0.37832573246539414 -1.2492695379573433
0.37494979566573533 -1.2492971393202943
0.3716335675281303 -1.2493241413348404
0.36837547819410404 -1.2493505642659828
0.3651740123403288 -1.2493764273922263
0.36202770683240043 -1.2494017490698062
0.35893514849864794 -1.2494265467927264
0.35589497201682174 -1.2494508372481212
0.3529058579070101 -1.249474636366775
0.34996653062458993 -1.2494979593688489
0.3470757567474452 -1.2495208208051083
0.3442323432520707 -1.249543234594079
0.34143513587353475 -1.249565214055597
0.33868301754460195 -1.24958677194133
0.3359749069096143 -1.2496079204627233
0.3333097569090061 -1.2496286713168459
0.33068655343058234 -1.2496490357104948
0.32810431402393075 -1.2496690243828923
0.3255620866745534 -1.249688647627173
0.32305894863451695 -1.2497079153109008
0.3205940053066092 -1.2497268368957257
0.3181663891791695 -1.2497454214562969
0.3157752588089315 -1.2497636776984853
0.313419797849373 -1.2497816139769982
0.3110992141222167 -1.2497992383124064
0.30881273872985937 -1.2498165584076095
0.3065596252066405 -1.2498335816637187
0.3043391487069789 -1.2498503151953866
0.3021506052285228 -1.2498667658455835
0.2999933108685552 -1.2498829401997158
0.2978666011120114 -1.2498988445992014
0.2957698301495386 -1.2499144851543096
0.29370237022413337 -1.2499298677563837
0.29166361100496263 -1.2499449980893267
0.2896529589870546 -1.249959881640365
0.2876698369156221 -1.2499745237101028
0.2857136832338398 -1.2499889294218065
0.28378395155297537 -1.2500031037300448
0.28188011014381714 -1.2500170514285949
0.2800016414484146 -1.2500307771577746
0.27814804161118967 -1.2500442854112044
0.2763188200285304 -1.2500575805420777
0.2745134989160285 -1.2500706667690455
0.27273161289256004 -1.2500835481817811
0.27097270858045364 -1.250096228746289
0.269236344221028 -1.2501087123100454
0.2675220893048164 -1.2501210026070217
0.2658295242158292 -1.2501331032626277
0.26415823988923653 -1.2501450177985756
0.2625078374818847 -1.2501567496376949
0.26087792805508986 -1.2501683021086831
0.25926813226917167 -1.2501796784507269
0.2576780800892276 -1.2501908818180127
0.25610741050165997 -1.2502019152840296
0.25455577124100204 -1.2502127818456665
0.25302281852660424 -1.250223484427038
0.2515082168087666 -1.2502340258830034
0.2500116385239244 -1.2502444090024118
0.24853276385850745 -1.2502546365109706
0.24707128052112134 -1.2502647110738292
0.24562688352270634 -1.2502746352978484
0.2441992749643522 -1.2502844117335723
0.24278816383245985 -1.250294042876944
0.24139326580095716 -1.250303531170818
0.24001430304028604 -1.2503128790062574
0.23865100403289616 -1.2503220887237154
0.237303103394986 -1.2503311626140658
0.2359703417042515 -1.2503401029195964
0.23465246533340445 -1.2503489118349242
0.2333492262892398 -1.250357591507895
0.23206038205703836 -1.2503661440404934
0.2307856954500994 -1.2503745714897612
0.22952493446420708 -1.250382875868737
0.22827787213684572 -1.2503910591474523
0.22704428641098143 -1.2503991232539455
0.22582396000324045 -1.2504070700753402
0.22461668027631915 -1.2504149014589603
0.22342223911546621 -1.2504226192134555
0.2222404328088887 -1.2504302251099955
0.22107106193193435 -1.250437720883441
0.2199139312349133 -1.2504451082335541
0.21876884953442507 -1.2504523888262016
0.21763562960806274 -1.2504595642945138
0.21651408809237424 -1.250466636240075
0.2154040453839608 -1.2504736062340445
0.21430532554360182 -1.2504804758182444
0.21321775620329794 -1.2504872465062118
0.21214116847612968 -1.250493919784209
0.2110753968688302 -1.2505004971121512
0.21002027919698119 -1.2505069799245294
