0.015891548762658424
-0.01359444574170718
-0.04119748625435693
-0.06349033180091622
-0.08134543698499228
-0.09587819151645273
-0.10788155020228274
-0.11794894296758819
-0.12654588390760949
-0.13402903593581386
-0.1406506542793495
-0.14658293577245154
-0.15194874997378083
-0.15683931385095662
-0.16132332911394773
-0.16545296723713948
-0.16926801719176957
-0.17279874109870652
-0.17606828763722757
-0.17909527081961663
-0.181896574376392
-0.18448936182069375
-0.18689109816496358
-0.1891183990274046
-0.19118621269145028
-0.19310767504684986
-0.19489432731612288
-0.19655642245967597
-0.19810319377655689
-0.19954305072831915
-0.20088371001078428
-0.20213228351097381
-0.2032953422140437
-0.20437896708420875
-0.20538879135010835
-0.20633003577073336
-0.20720753832468583
-0.208025780307989
-0.20878891077108663
-0.20950077047917912
-0.2101649156410654
-0.210784640995524
-0.2113630016569761
-0.21190283329687648
-0.21240677049354512
-0.21287726314526936
-0.21331659059832023
-0.21372687272015026
-0.21411007691277342
-0.21446802052375377
-0.21480236959566548
-0.2151146369708025
-0.21540618402580486
-0.2156782293224801
-0.21593186441929685
-0.21616807401467947
-0.21638775641731844
-0.2165917412214965
-0.21678080281282863
-0.21695566978412623
-0.21711703108739663
-0.2172655399128604
-0.2174018161520843
-0.21752644808005295
-0.2176399936849634
-0.2177429819201768
-0.21783591404510463
-0.21791926514993679
-0.21799348590547676
-0.21805900453226346
-0.2181162289347119
-0.2181655488947629
-0.2182073381746303
-0.2182419563536537
-0.21826975023736087
-0.2182910547346022
-0.21830619319207184
-0.21831547727635228
-0.2183192065700112
-0.2183176680773574
-0.21831113581388267
-0.2182998705984725
-0.2182841201020191
-0.21826411914872046
-0.21824009022871968
-0.21821224416238164
-0.21818078085371292
-0.21814589007734864
-0.21810775225503642
-0.2180665391898489
-0.21802241473864425
-0.21797553541273543
-0.2179260509052085
-0.21787410454865225
-0.2178198337109405
-0.21776337013841995
-0.21770484025622816
-0.21764436543453605
-0.21758206222831403
-0.21751804259624066
-0.217452414102845
-0.21738528010663552
-0.2173167399359868
-0.2172468890544135
-0.217175819216592
-0.21710361861715888
-0.2170303720348567
-0.2169561609753301
-0.2168810638160356
-0.2168051559571528
-0.2167285099817082
-0.21665119582747386
-0.21657328097137712
-0.2164948306257072
-0.21641590794277307
-0.2163365742231236
-0.21625688912013666
-0.2161769108328515
-0.21609669627835726
-0.2160163012358085
-0.21593578045519823
-0.21585518772646328
-0.21577457590727922
-0.2156939969104431
-0.215613501654574
-0.21553313998404178
-0.2154529605651771
-0.21537301076688825
-0.21529333653309904
-0.21521398225450553
-0.21513499064526567
-0.21505640262948272
-0.2149782572410804
-0.21490059153889893
-0.21482344053866043
-0.21474683716180054
-0.21467081220145556
-0.2145953943046931
-0.21452060997029043
-0.21444648356081153
-0.2143730373280658
-0.2143002914500604
-0.21422826407824958
-0.21415697139309803
-0.214086427666172
-0.2140166453267233
-0.21394763503096043
-0.21387940573183317
-0.21381196474793823
-0.21374531783005393
-0.21367946922435904
-0.21361442173179668
-0.21355017676364282
-0.21348673439340918
-0.21342409340586171
-0.21336225134393225
-0.21330120455428078
-0.21324094823252726
-0.21318147646860874
-0.21312278229290973
-0.2130648577233158
-0.2130076938133525
-0.2129512807011953
-0.21289560765929638
-0.21284066314436306
-0.21278643484718154
-0.21273290974198392
-0.21268007413480555
-0.21262791371076617
-0.21257641357974708
-0.21252555832034345
-0.21247533202193097
-0.21242571832476875
-0.21237670045786142
-0.21232826127486742
-0.21228038328775792
-0.21223304869831125
-0.21218623942739223
-0.212139937142105
-0.21209412328064936
-0.21204877907499073
-0.21200388557116995
-0.2119594236472862
-0.21191537402916746
-0.2118717173035998
-0.21182843392921238
-0.21178550424521217
-0.21174290847790414
-0.21170062674544649
-0.21165863906120116
-0.21161692533614113
-0.2115754653810001
-0.21153423890880824
-0.2114932255387937
-0.21145240480242258
-0.21141175615266228
-0.21137125897694406
-0.21133089261500648
-0.21129063638179899
-0.21125046959606358
