66.62151626297876 -0.3276895328723455
34.03241128457556 -0.5081028211438897
23.02472251879733 -0.6342709445489986
17.460031033989864 -0.7300155169949312
14.089844813028767 -0.8061530081429804
11.825266039716324 -0.8689495297872416
10.196563141487914 -0.9219927488019255
8.967371505508154 -0.967371505508154
8.005624133592539 -1.006327150291606
7.231733309501449 -1.0396666368768117
6.594917383485453 -1.0680114022924985
6.061283032666526 -1.091924548999789
5.607357762683815 -1.1119563643611998
5.216368688045786 -1.1286452040801256
4.876000809975213 -1.1425015187035246
4.5769956243566385 -1.1539912487132766
4.312247194841067 -1.1635252890372663
4.076202643992602 -1.1714559489833538
3.8644542431009796 -1.1780788273648268
3.6734551936973903 -1.1836379842434752
3.5003171902670696 -1.1883326244510577
3.3426632993523855 -1.19232407321906
3.1985190727108472 -1.195742334043686
3.066230629256422 -1.1986918877692656
2.9444021199320156 -1.201256624787548
2.8318473639782322 -1.2035039329292554
2.7275520079856506 -1.20548802695157
2.6306436081440965 -1.2072526285043377
2.5403677534897016 -1.2088331064001687
2.4560688472804344 -1.2102581773016297
2.3771745169344647 -1.2115512531210522
2.3031828767522358 -1.2127315070089435
2.2336520524807124 -1.2138147164829374
2.168191513105544 -1.2148139306985621
2.1064548569649153 -1.2157399992215057
2.0481337759570284 -1.2166019918066275
1.9929529799763603 -1.2174075323906657
1.9406659085279478 -1.218163065507752
1.8910510911588436 -1.2188740693993616
1.8439090454005034 -1.2195452270025156
1.7990596221629143 -1.2201805635849359
1.7563397253161261 -1.2207835579096624
1.7156013455514787 -1.221357232339198
1.6767098592980665 -1.2219042261393647
1.6395425520612295 -1.2224268553444164
1.6039873324942011 -1.2229271618416564
1.569941609154489 -1.2234069537826229
1.5373113064991502 -1.223867838994901
1.5060100004454064 -1.2243112527281133
1.475958156927821 -1.2247384807988821
1.4470824594490044 -1.225150678987402
1.4193152137492033 -1.2255488893698225
1.3925938194924292 -1.2259340541373447
1.3668603003476074 -1.2263070273463488
1.342060885084979 -1.2266685849592294
1.3181456333525148 -1.2270194334676041
1.2950681006786393 -1.2273602173353046
1.2727850379937475 -1.2276915254546705
1.2512561215965563 -1.2280138967746013
1.2304437100307015 -1.2283278252302612
1.21031262479756 -1.228633764081395
1.19082995222548 -1.2289321297474702
1.1719648641540006 -1.2292233052127541
1.1536884553827478 -1.2295076430619818
1.1359735960858115 -1.2297854681972176
1.1187947976094808 -1.2300570802782171
1.102128090259318 -1.2303227559217882
1.0859509118458923 -1.230582750690085
1.070242005900654 -1.2308373008931435
1.0549813285973901 -1.2310866252271628
1.040149963523025 -1.2313309262668466
1.0257300435363972 -1.2315703918275744
1.0117046790368074 -1.2318051962108676
0.9980578920372853 -1.2320355013448898
0.9847745555018799 -1.232261457830123
0.9718403374630636 -1.2324832058991035
0.959241649485508 -1.2327008762980145
0.9469655990868676 -1.2329145910969592
0.934999945765576 -1.2331244644350632
0.9233330603205777 -1.2333306032057767
0.9119538871789851 -1.2335331076872236
0.9008519094753159 -1.2337320721219887
0.8900171166506258 -1.2339275852502416
0.8794399743618824 -1.234119730799765
0.8691113965116382 -1.2343085879361544
0.8590227192256875 -1.2344942316761411
0.8491656766222285 -1.2346767332667345
0.8395323782302473 -1.2348561605327204
0.8301152879276226 -1.2350325781948015
0.8209072042809327 -1.235206048160493
0.8119012421793226 -1.235376629789794
0.8030908156641238 -1.235544380137422
0.794469621864375 -1.2357093541733595
0.7860316259560223 -1.2358716049832614
0.7777710470694948 -1.2360311839502505
0.7696823450766203 -1.2361881409194442
0.7617602081935306 -1.23634252434656
0.7539995413413677 -1.2364943814317533
0.7463954552113022 -1.236643758239864
0.7389432559846495 -1.2367906998081175
