0.1 -0.39245571481210817
0.2 -0.5991934129211995
0.3 -0.7365235952720959
0.4 -0.8365312381293503
0.5 -0.9122044803244931
0.6 -0.9708139439537995
0.7 -1.0168665913083987
0.8 -1.053453870621343
0.9 -1.0827970592043896
1.0 -1.1065367166017959
1.1 -1.1259045098662774
1.2 -1.1418351920240886
1.3 -1.1550442580656206
1.4 -1.1660834963932638
1.5 -1.1753811789555475
1.6 -1.1832715509459923
1.7 -1.1900168317456097
1.8 -1.1958237793370623
1.9 -1.2008562182685032
2.0 -1.2052446665593122
2.1 -1.2090938038697612
2.2 -1.2124881648199084
2.3 -1.2154964552563632
2.4 -1.218174869424862
2.5 -1.2205696668957096
2.6 -1.2227191806417568
2.7 -1.2246553853869662
2.8 -1.2264051286645326
2.9 -1.2279911017160887
3.0 -1.2294326069242258
3.1 -1.2307461651407308
3.2 -1.231945997472933
3.3 -1.2330444092887731
3.4 -1.2340520984110785
3.5 -1.2349784045781522
3.6 -1.2358315132680178
3.7 -1.236618623779707
3.8 -1.237346088904461
3.9 -1.2380195316630538
4.0 -1.2386439434378214
