66.50169226418224 -0.3127115330227802
34.03540873686823 -0.5088521842170562
23.066809259588172 -0.6500534723455654
17.51528059828557 -0.7576402991427862
14.147362445081225 -0.8421015281757654
11.879431941538362 -0.9095739561537712
10.244636076447216 -0.9640565668913137
9.008355732917245 -1.0083557329172446
8.039597900485596 -1.044547638046296
7.259381731618014 -1.0742271645225172
6.617200225641585 -1.0986503102571796
6.079213565422406 -1.1188203481336088
5.621873383314291 -1.1355442478857245
5.2282702375986405 -1.1494729157976198
4.885936942671202 -1.161131767508502
4.585472386638852 -1.170944773277703
4.319648764547377 -1.179253624663177
4.082814758074133 -1.1863332056668003
3.8704860358897197 -1.1924043352380842
3.679057749655121 -1.1976443741378018
3.5055984608857877 -1.202195959825194
3.3476996528720333 -1.2061740453980916
3.2033639955646374 -1.2096714872483327
3.070921167676389 -1.2127635030291681
2.948963615183386 -1.2155112974480813
2.836296924273495 -1.2179650038888583
2.73190103463573 -1.2201659918955896
2.6348996088412 -1.2221486309442016
2.544535625547317 -1.2239416426090233
2.460151774360287 -1.2255691538510773
2.381174587976178 -1.2270515284076904
2.307101507276035 -1.2284060291041399
2.237490266749628 -1.2296473503422158
2.171950129664645 -1.230788051074741
2.1101346082554584 -1.23183891111763
2.0517353838034937 -1.232809227115722
1.9964772020117887 -1.2337070593045225
1.9441135656025001 -1.2345394366118763
1.8944230821548025 -1.235312525504662
1.8472063534305359 -1.236031767152679
1.8022833146441983 -1.2367019875515168
1.759490949624698 -1.2373274855296648
1.7186813215829502 -1.237912103508358
1.679719870057921 -1.2384592853185654
1.642483933237616 -1.2389721244615892
1.6068614617767736 -1.2394534052164479
1.5727498958606438 -1.2399056381812819
1.5400551818794719 -1.240331091276831
1.5086909088831553 -1.2407318169093269
1.4785775481299626 -1.2411096758122662
1.4496417816456 -1.2414663579907
1.4218159078664288 -1.2418034011317867
1.395037314233787 -1.2421222067988402
1.3692480081015168 -1.242424054685239
1.3443941985699062 -1.2427101151681055
1.3204259229100066 -1.2429814603700455
1.297296712127828 -1.2432390739107761
1.2749632909667177 -1.2434838595087045
1.2533853082813387 -1.2437166485748734
1.2325250942569919 -1.2439382069274385
1.2123474414089248 -1.2441492407430519
1.1928194066905344 -1.2443504018516431
1.1739101323773846 -1.244542292471904
1.1555906836844223 -1.2447254694753782
1.1378339013238732 -1.2449004482564703
1.120614267427048 -1.2450677062731481
1.1039077834398388 -1.2452276863086496
1.0876918587633915 -1.2453807994888275
1.0719452090521273 -1.2455274280745994
1.056647763204186 -1.2456679280366272
1.0417805781871976 -1.2458026314113801
1.0273257609372808 -1.2459318484355275
1.0132663966529598 -1.246055869458259
0.9995864828797096 -1.2461749666373134
0.9862708688460374 -1.2462893954316014
0.973305199569436 -1.2463993959096415
0.9606758643009987 -1.2465051938971132
0.9483699489218913 -1.246607001988441
0.9363751919439555 -1.2467050204465606
0.9246799438012643 -1.246799438012643
0.9132731291500539 -1.2468904326442953
0.902144211921652 -1.2469781721969326
0.8912831628972759 -1.247062815059237
0.8806804295952405 -1.2471445107500256
0.8703269082805364 -1.2472234004806986
0.8602139179241798 -1.2472996176849322
0.8503331759554441 -1.2473732885154554
0.8406767756642807 -1.2474445323070864
0.8312371651240482 -1.2475134620050359
0.8220071275162922 -1.2475801845582888
0.8129797627497847 -1.247644801278801
0.8041484702755209 -1.247707408168491
0.7955069330078967 -1.2477680962167992
0.7870491022699798 -1.247826951672262
0.7787691836877315 -1.2478840562918119
0.770661623964274 -1.2479394875712866
0.7627210984709656 -1.2479933189604564
0.7549424995971666 -1.2480456200652918
0.7473209258052333 -1.2480964568397621
0.739851671341512 -1.2481458917688988
0.7325302165579783 -1.2481939840444762
0.7253522188026845 -1.2482407897342276
0.7183135038404066 -1.2482863619452351
0.7114100577678365 -1.2483307509818755
0.7046380193903558 -1.2483740044984197
0.6979936730299114 -1.2484161676463257
0.6914734417357764 -1.248457283216009
0.6850738808720642 -1.2484973917728677
0.6787916720577853 -1.2485365317873256
0.6726236174369885 -1.2485747397585918
0.6665666342581668 -1.2486120503320628
0.6606177497435883 -1.248648496410236
0.6547740962306032 -1.2486841092572711
0.649032906568236 -1.2487189185973624
0.6433915097535392 -1.2487529527071248
0.6378473267932606 -1.2487862385022783
0.6323978667773617 -1.2488188016189128
0.6270407231518254 -1.2488506664894254
0.6217735701790496 -1.2488818564133615
0.6165941595748843 -1.2489123936232636
0.6115003173121072 -1.2489422993456223
0.606489940580796 -1.2489715938571377
0.6015609948966832 -1.2490002965365044
0.5967115113491651 -1.2490284259120588
0.5919395839811655 -1.2490559997057116
0.5872433672935607 -1.2490830348735829
0.5826210738673311 -1.249109547643881
0.5780709720970302 -1.2491355535524826
0.5735913840295591 -1.2491610674766402
0.5691806833025962 -1.249186103667189
0.5648372931773744 -1.249210675779506
0.5605596846608112 -1.2492347969033828
0.5563463747122935 -1.24925847959188
0.5521959245306967 -1.2492817358891675
0.5481069379174663 -1.249304577357245
0.5440780597118523 -1.2493270151014895
0.5401079742945919 -1.2493490597948853
0.5361954041565733 -1.2493707217008907
0.5323391085292006 -1.2493920106948608
0.5285378820733728 -1.2494129362840238
0.5247905536241736 -1.2494335076260596
0.5210959849885259 -1.2494537335463358
0.5174530697932254 -1.2494736225539034
0.5138607323809103 -1.2494931828563878
0.5103179267516621 -1.249512422373875
0.5068236355480521 -1.2495313487519502
0.5033768690815763 -1.2495499693739642
0.49997666439852234 -1.2495682913726627
0.4966220843834207 -1.2495863216412106
0.4933122168983322 -1.2496040668437283
0.4900461739563086 -1.2496215334253253
0.4868230909274573 -1.249638727621689
0.4836421257761176 -1.2496556554682499
0.48050245832773536 -1.2496723228089053
0.47740328956409417 -1.249688735304324
0.4743438409456341 -1.249704898439864
0.471323353759644 -1.2497208175330143
0.4683410884931894 -1.249736497740491
0.46539632422968025 -1.249751944064895
0.4624883580680505 -1.2497671613610108
0.45961650456356334 -1.2497821543417116
0.4567800951893116 -1.2497969275835605
0.45397847781752304 -1.2498114855320317
0.4512110162198288 -1.2498258325064895
0.44847708958569044 -1.2498399727048652
0.4457760920582214 -1.249853910208093
0.4431074322866743 -1.2498676489843263
0.44047053299490185 -1.2498811928929383
0.43786483056513 -1.249894545688371
0.43528977463641394 -1.2499077110237968
0.4327448277171761 -1.2499206924546382
0.4302294648112538 -1.2499334934419561
0.4277431730569116 -1.2499461173557136
0.4252854513782946 -1.2499585674779077
0.4228558101488282 -1.2499708470056161
0.42045377086608665 -1.2499829590539053
0.4180788658376795 -1.2499949066586584
0.4157306378777209 -1.250006692779291
0.413408640013469 -1.2500183203013688
0.41111243520173835 -1.2500297920391132
0.408841596054711 -1.2500411107378364
0.40659570457478006 -1.2500522790762465
0.40437435189808446 -1.250063299668681
0.4021771380464016 -1.2500741750672375
0.4000036716870831 -1.2500849077637979
0.3978535699007312 -1.2500955001920007
0.395726457956324 -1.2501059547290738
0.39362196909351627 -1.2501162736976312
0.3915397443118458 -1.2501264593673558
0.38947943216659453 -1.2501365139566207
0.38744068857105896 -1.2501464396340327
0.3854231766049963 -1.2501562385199119
0.3834265663290238 -1.2501659126876983
0.38145053460475487 -1.2501754641653062
0.3794947649204682 -1.2501848949364118
0.3775589472221104 -1.2501942069417054
0.3756427777494451 -1.250203402080086
0.3737459588771641 -1.2502124822098113
0.37186819896078854 -1.2502214491496144
0.3700092121871915 -1.2502303046797867
