66.65879777187294 -0.3323497214841177
34.10587819841379 -0.5264695496034482
23.104182825696224 -0.6640685596360838
17.536555553024943 -0.7682777765124716
14.159578597280841 -0.8497366233005267
11.886117555981208 -0.9145881669859064
10.247806425851637 -0.9668306226201828
9.009272318882749 -1.0092723188827482
8.03909731907373 -1.043984483957946
7.258033494808602 -1.0725418685107517
6.615392297100754 -1.0961644085135365
6.077205788138311 -1.115808682207467
5.619834531183596 -1.1322311131733442
5.226304849190383 -1.1460334860831694
4.884104883094378 -1.1576966558019586
4.5838030633720805 -1.167606126744161
4.318151451480622 -1.1760718343963206
4.081486060409956 -1.183343635922401
3.8693151762101707 -1.1896235434991553
3.6780301743444235 -1.1950754358610582
3.504698196184558 -1.199832764984465
3.3469107784479744 -1.2040046407319294
3.202671521470043 -1.2076806242263727
3.0703115071856057 -1.2109345215568175
2.9484247705044804 -1.2138274078265014
2.835818476712517 -1.2164100493156809
2.7314740277981655 -1.218724843818808
2.6345163912314513 -1.2208073693100805
2.5441896877727403 -1.2226876181761852
2.459837595986626 -1.2243909849498478
2.38088749981484 -1.2259390617825052
2.3068375706524784 -1.2273502826099136
2.237246169070576 -1.228640447416125
2.17172309436396 -1.2298231510468307
2.1099223167019043 -1.23091013557083
2.051535906874967 -1.2319115809373513
1.996288939555286 -1.2328363454431976
1.94393519265798 -1.2336921651254036
1.8942535014260624 -1.234485819452054
1.847044653877806 -1.2352232693890297
1.8021287361715888 -1.2359097728793922
1.7593428536890796 -1.2365499818676677
1.7185391672934072 -1.2371480242020636
1.6795831951029505 -1.2377075730662281
1.6423523388521826 -1.2382319060435263
1.6067346009560823 -1.2387239554974727
1.5726274641091513 -1.239186351641264
1.5399369099064018 -1.2396214594384103
1.5085765567833105 -1.2400314102977767
1.4784669007007805 -1.2404181293798775
1.449534644581309 -1.2407833592058457
1.4217121046385681 -1.2411286801506929
1.3949366835180248 -1.2414555283069146
1.3691504016477072 -1.241765211122024
1.3442994794389247 -1.2420589211426076
1.3203339640194136 -1.2423377481358955
1.297207395060496 -1.2426026898060338
1.2748765050036106 -1.2428546612761755
1.2533009496232308 -1.2430945034713277
1.2324430654017056 -1.24332299051279
1.2122676506522785 -1.2435408362236238
1.1927417677216083 -1.2437486998424656
1.1738345639422267 -1.2439471910450364
1.1555171092965721 -1.2441368743725771
1.1377622490044907 -1.2443182731614872
1.1205444694614897 -1.24449187305729
1.1038397761410095 -1.244658125180954
1.0876255822351903 -1.2448174489991188
1.0718806069489504 -1.2449702349346985
1.056584782484923 -1.245116846743076
1.0417191688644887 -1.2452576236723383
1.0272658758247977 -1.2453928824231786
1.0132079911149714 -1.2455229189241126
0.999529514587975 -1.245648009938769
0.9862152975490956 -1.2457684145227716
0.9732509868787255 -1.2458843753478914
0.9606229734971276 -1.2459961199098533
0.9483183447829953 -1.246103861634203
0.9363248405966774 -1.24620780089219
0.9246308125935858 -1.246308125935859
0.9132251865441405 -1.246405013759423
0.9020974274041161 -1.24649863089219
0.8912375069038401 -1.2465891341273414
0.880635873446721 -1.2466766711905712
0.8702834241273226 -1.246761381352803
0.8601714786968795 -1.2468433959914542
0.85029175532001 -1.2469228391051093
0.8406363479805996 -1.246999827786595
0.8311977054075622 -1.2470744726591299
0.8219686114026613 -1.24714687827994
0.8129421664628608 -1.2472171435150403
0.8041117705989766 -1.2472853618882302
0.795471107260809 -1.2473516219069045
0.7870141282865161 -1.2474160073665634
0.7787350398009019 -1.247478597635709
0.7706282889935353 -1.2475394679224234
0.7626885517133066 -1.247598689523843
0.754910720821183 -1.2476563300594918
0.747289895247638 -1.2477124536895203
0.7398213697054934 -1.2477671213186663
