-0.3046465863389389
-0.5723293645421421
-0.751332243210037
-0.8738887832463365
-0.9606867778833954
-1.0238824725579392
-1.0701822402016579
-1.1045722732328584
-1.1305383092491346
-1.1504130092538176
-1.1658384711286824
-1.1779748955616414
-1.187682254201195
-1.1955245319419696
-1.2019979133580083
-1.2073439926784253
-1.2118215661421496
-1.215619503917775
-1.21889745147651
-1.2217284511767998
-1.2241756872123672
-1.2263155060399182
-1.228200268562238
-1.2298708180722926
-1.2313598901161993
-1.2326943228677332
-1.2338953318915316
-1.2349816457085758
-1.2359785955210607
-1.2368754116221414
-1.2377003700601712
-1.2384498382794424
-1.2391353082997874
-1.2397646084444809
-1.240344066037403
-1.2408789739958854
-1.241373856804056
-1.2418326357714562
-1.242258740836167
-1.2426551918116382
-1.2430246607109185
-1.243369521427242
-1.2436918903971363
-1.243993660487691
-1.2442765295822522
-1.2445420248889434
-1.2447915237216196
-1.2450262713297715
-1.2452473962399095
-1.245455923490227
-1.2456527860783315
-1.2458388348902754
-1.2460148473322834
-1.2461815348410215
-1.246339549401033
-1.246489489151528
-1.246631903133625
-1.2467672952499456
-1.246896127621028
-1.2470188236998223
-1.2471357715846205
-1.2472473277618568
-1.2473538210737372
-1.2474555564000849
-1.247552817627814
-1.2476458698136381
-1.247734960715807
-1.2478203219433344
-1.2479021699132553
-1.2479807067230697
-1.2480561209879584
-1.2481285886625437
-1.2481982738532234
-1.2482653296190918
-1.24832989875462
-1.2483921145441073
-1.2484521014778307
-1.2485099759216047
-1.2485658467351002
-1.2486198158379278
-1.2486719787257077
-1.2487224249401674
-1.2487712384980716
-1.2488184982836206
-1.248864278408374
-1.2489086485420327
-1.248951674216851
-1.2489934171079762
-1.2490339352917994
-1.249073283484098
-1.2491115132598147
-1.2491486732560575
-1.2491848093598823
-1.2492199648823041
-1.2492541807198219
-1.2492874955046622
-1.2493199457447668
-1.2493515659545034
-1.2493823887768374
-1.2494124450977782
-1.2494417641536204
-1.2494703736316528
-1.249498299764674
-1.249525567419837
-1.2495522001821322
-1.2495782204328776
-1.249603649423419
-1.2496285073443676
-1.2496528133905525
-1.2496765858218988
-1.2496998420204342
-1.249722598543585
-1.2497448711739902
-1.2497666749659282
-1.2497880242886394
-1.2498089328666446
-1.2498294138172827
-1.2498494796856319
-1.2498691424769959
-1.2498884136871558
-1.2499073043305045
-1.2499258249662868
-1.2499439857230683
-1.249961796321584
-1.2499792660960918
-1.2499964040143927
-1.2500132186965798
-1.250029718432659
-1.2500459111990994
-1.2500618046744134
-1.25007740625384
-1.2500927230631813
-1.2501077619718612
-1.2501225296052647
-1.250137032356391
-1.2501512763968674
-1.2501652676873967
-1.250179011987608
-1.250192514865424
-1.2502057817059118
-1.2502188177196947
-1.2502316279508978
-1.250244217284718
-1.2502565904545644
-1.2502687520488678
-1.2502807065175015
-1.2502924581779085
-1.250304011220864
-1.2503153697159957
-1.2503265376169657
-1.2503375187664252
-1.2503483169006933
-1.2503589356542182
-1.2503693785638013
-1.2503796490726127
-1.2503897505340285
-1.2503996862152775
-1.2504094593008934
-1.2504190728960454
-1.2504285300296707
-1.2504378336574875
-1.2504469866648242
-1.2504559918693372
-1.2504648520235575
-1.2504735698172815
-1.250482147879823
-1.2504905887820918
-1.2504988950385179
-1.250507069108787
-1.2505151133994135
-1.2505230302651287
-1.2505308220100642
-1.2505384908887804
-1.250546039107062
-1.2505534688225544
-1.250560782145203
-1.2505679811375192
-1.250575067814653
-1.2505820441443611
-1.250588912046768
-1.2505956733940995
-1.250602330010255
-1.250608883670379
-1.2506153361003967
-1.2506216889765942
-1.250627943925264
-1.2506341025224859
-1.2506401662940818
-1.2506461367157886
-1.2506520152137008
-1.2506578031650304
-1.2506635018991756
-1.2506691126991927
-1.2506746368035433
-1.25068007540828
-1.2506854296694718
-1.2506907007059676
-1.2506958896023308
-1.2507009974119774
-1.2507060251603803
