66.5951906559257 -0.32439883199071395
34.066952696156314 -0.5167381740390777
23.07920159604326 -0.6547005985162211
17.52007512886966 -0.7600375644348294
14.148409355115243 -0.842755846947027
11.878360559370433 -0.9087704195278243
10.242323494497894 -0.9620330576856573
9.005365896867945 -1.0053658968679449
8.036322239676775 -1.0408625196363726
7.256090067707964 -1.0701125846349546
6.614068182733188 -1.0943437512581327
6.076344869483698 -1.114517304225548
5.619319581225473 -1.1313943194913942
5.22604706964826 -1.1455823718844544
4.8840369350828885 -1.1575692532804154
4.583874016430508 -1.1677480328610161
4.318322950923655 -1.176436270712766
4.0817293708386835 -1.1838910843870374
3.86960888608782 -1.1903211044585733
3.678358405156935 -1.1958960128923375
3.5050492066603463 -1.200754167483409
3.3472758910310385 -1.205008700335355
3.2030443144965584 -1.2087524041776052
3.070687220818996 -1.212061662456987
2.9487998770880433 -1.214999615900135
2.8361903692506276 -1.21761870006454
2.7318407891920855 -1.2199626635232892
2.63487662053517 -1.2220681718730955
2.544542369687787 -1.2239660901182277
2.460182003941252 -1.2256825147796961
2.3812231247024673 -1.22723960822206
2.3071640686891834 -1.2286562747567336
2.2375633235232617 -1.2299487095334551
2.1720307870835316 -1.2311308451050085
2.1102205064723027 -1.2322147158163246
2.0518246125563158 -1.233210756503422
1.9965682268283544 -1.23412804908114
1.944205163753711 -1.2349745278301276
1.8945142874294107 -1.2357571512183785
1.8472964091035586 -1.2364820455177927
1.8023716339891955 -1.2371546241946274
1.7595770832275757 -1.2377796869447728
1.718764930660946 -1.2383615023025847
1.6798007049601387 -1.2389038772807628
1.64256181628633 -1.2394102166106058
1.6069362736198658 -1.2398835733142284
1.5728215645700019 -1.2403266918487614
1.540123674148372 -1.2407420448902315
1.5087562228208544 -1.2411318647777332
1.4786397072900725 -1.2414981705629546
1.4497008300343825 -1.2418427914691887
1.4218719057527935 -1.242167387393158
1.395090334630329 -1.2424734669259296
1.3692981338145742 -1.2427624032483762
1.3444415197346227 -1.243035448175531
1.3204705349392594 -1.2432937445748156
1.2973387140146426 -1.243538337354329
1.275002783889344 -1.2437701831977448
1.2534223944683514 -1.243990159204091
1.2325598760761238 -1.2441990705709296
1.2123800206477064 -1.244397657438762
1.1928498839993895 -1.2445866009952689
1.1739386068473057 -1.2447665289225327
1.1556172525324253 -1.244938020259403
1.1378586596607918 -1.2451016097439342
1.1206373080843448 -1.2452577916958458
1.1039291968351952 -1.2454070234947594
1.0877117327888521 -1.2455497287052417
1.07196362897326 -1.2456862998943667
1.0566648115635944 -1.245817101181451
1.041796334710279 -1.2459424705537259
1.0273403024417813 -1.246062721976031
1.013279796966349 -1.246178147317934
0.9995988127694865 -1.2462890181177497
0.9862821959679781 -1.246395587199795
0.9733155884377475 -1.2464980901586016
0.9606853762827783 -1.2465967467217414
0.9483786422565255 -1.2466917620011235
0.9363831217864499 -1.2467833276411924
0.924687162287152 -1.2468716228715209
0.913279685478575 -1.2469568154705717
0.9021501524533547 -1.247039062646886
0.8912885312620636 -1.2471185118439103
0.8806852668070759 -1.247195301474298
0.8703312528554823 -1.2472695615894993
0.8602178059990822 -1.247341414490134
0.8503366414052732 -1.247410975282345
0.8406798502168271 -1.247478352385098
0.8312398784712657 -1.2475436479928321
0.8220095074220181 -1.2476069584977034
0.812981835153859 -1.2476683748751474
0.8041502593944656 -1.2477279830363541
0.7955084614323283 -1.2477858641508166
0.7870503910589017 -1.2478420949420959
0.7787702524597553 -1.2478967479595946
0.7706624909857555 -1.2479498918290652
0.762721780740977 -1.2480015914843472
0.7549430129291936 -1.248051908382622
0.7473212849054739 -1.2481009007052393
0.7398518898836728 -1.24814862354591
