18.203289904381396 -0.27541123804767464
10.04969262832106 -0.5124231570802649
7.167886245622237 -0.687957342108339
5.63111434516089 -0.8155571725804452
4.655983612665987 -0.909989757916242
3.974006874485062 -0.9805051558637963
3.466985702034292 -1.0336124892800052
3.0739558141024377 -1.0739558141024377
2.759886655587821 -1.104872487536299
2.5030638135436027 -1.1288297669295035
2.2891265998086125 -1.1475490747368424
2.1082347379162347 -1.1623521068743523
1.9533516825052857 -1.1741964840710892
1.8193122962210748 -1.1837965183868813
1.7022136944310349 -1.1916506770581905
1.5990811397054363 -1.1981622794108726
1.507584650977113 -1.2036173833263648
1.4258807003582545 -1.2082315758060724
1.3524955880886658 -1.2121770217105816
1.286233368797139 -1.2155834219928472
1.2261146298963843 -1.2185509034780089
1.17132888368237 -1.2211544301265178
1.121199475988332 -1.2234484934664542
1.075161393494935 -1.2254841804848047
1.032736830362844 -1.227302594883887
0.993517498704152 -1.228931870788494
0.9571545291997181 -1.2303965360490485
0.9233484122933827 -1.2317194430268397
0.891839687441372 -1.232918866974973
0.8624031023963608 -1.234011633986353
0.8348405837798998 -1.2350072621471118
0.8089796037551328 -1.2359184150205311
0.7846673045512823 -1.2367526312740391
0.7617690676428402 -1.2375185374820707
0.740165340967174 -1.2382233667313864
0.7197496334550012 -1.2388733505475054
0.7004267928178215 -1.2394739167824242
0.6821115427957554 -1.2400298282798379
0.6647272383913585 -1.2405452871578728
0.6482048033859701 -1.2410240169298503
0.6324818203053245 -1.241469329064788
0.617501748180193 -1.2418841779460132
0.6032132477843312 -1.2422712068407797
0.5895695975873644 -1.2426327867305038
0.5765281865541402 -1.2429710493670387
0.5640500722764616 -1.2432879155896543
0.5520995948434332 -1.2435851197051695
0.5406440384280934 -1.2438642305685599
0.5296533338581707 -1.2441266698812956
0.519099796501332 -1.244373728133325
0.5089578946732687 -1.2446065785420883
0.4992040445049518 -1.2448262892821869
0.48981642781133505 -1.2450338342500946
0.48077483001004545 -1.2452301025678068
0.472060495563101 -1.2454159069963195
0.4636559987718846 -1.2455919914031925
0.45554512805705544 -1.2457590374065202
0.4477127821102727 -1.2459176702994772
0.4401448765212271 -1.2460684643440496
0.4328282596679625 -1.2462119475097189
0.42575063681594427 -1.246348605721575
0.4189005015062818 -1.2464788866736838
0.41226707342932617 -1.2466032032559435
0.40584024207961233 -1.2467219366368987
0.39961051557413446 -1.2468354390398424
0.39356897409031877 -1.2469440362451298
0.38770722744450303 -1.2470480298477133
0.38201737638768984 -1.247147699295364
0.37649197724406375 -1.2472433037300497
0.3711240095603 -1.247335083652625
0.36590684647088356 -1.2474232624290917
0.3608342275172783 -1.2475080476555047
0.35590023368740437 -1.2475896323975646
0.3510992644670223 -1.2476681963199563
0.3464260167167043 -1.2477439067191027
0.3418754652074833 -1.2478169194710917
0.33744284466536983 -1.2478873799041845
0.33312363319004046 -1.247955423602894
0.32891353692645836 -1.2480211771487764
0.3248084758801762 -1.2480847588017618
0.32080457077783975 -1.2481462791256275
0.31689813088400937 -1.2482058415610957
0.3130856426940298 -1.2482635429505586
0.30936375943032945 -1.2483194740184593
0.3057292912763776 -1.2483737198115121
0.3021791962886149 -1.2484263601026102
0.29871057193214684 -1.2484774697620973
0.29532064719086937 -1.248527119099563
0.2920067752071062 -1.2485753741790564
0.28876642640979655 -1.248622297110211
0.28559718209384427 -1.2486679463174783
0.2824967284164759 -1.248712376789473
0.27946285077936306 -1.2487556403100954
0.27649342856791537 -1.2487977856730057
0.2735864302215411 -1.2488388588808006
0.27073990861083813 -1.2488789033300571
0.2679519966996577 -1.2489179599833495
0.2652209034717672 -1.2489560675291482
0.26254491010347136 -1.248993262530458
0.25992236636503807 -1.2490295795629756
