0.10761349992257467
0.1274519683917448
0.1385281865498005
0.14116298281600456
0.1384238618922587
0.13291912969238748
0.12630457025748748
0.11959657346620182
0.11335189101738787
0.10782279952085962
0.10307746901204755
0.09909090344589569
0.09579989107087147
0.09312954214854263
0.09100385959517017
0.08934933115873912
0.08809668587602802
0.08718267120212467
0.08655136966127862
0.08615455594657831
0.0859513530035872
0.08590749337806018
0.08599433078056827
0.08618779278387892
0.08646747201340103
0.08681593337131173
0.08721821764806376
0.08766149055065522
0.08813478439673574
0.08862878954076807
0.08913566797976874
0.08964887686272167
0.09016300094008443
0.09067359870943911
0.09117706704034727
0.09167052460416823
0.09215170876906933
0.09261887944926309
0.09307072918175595
0.09350630477374641
0.09392494504312375
0.09432623393378795
0.0947099646780109
0.09507611023236177
0.09542479628995114
0.09575627446635765
0.09607089445379559
0.09636907509739848
0.09665127556176169
0.09691796896253219
0.09716962157193232
0.09740668024139038
0.0976295687990342
0.09783869173942403
0.09803444190848289
0.09821720881249538
0.09838738526451626
0.09854537144220271
0.09869157643201498
0.09882641781022113
0.0989503198986398
0.09906371123401378
0.09916702165196661
0.09926067927692964
0.0993451076440885
0.09942072314465569
0.099487932961819
0.09954713363056247
0.09959871029443214
0.0996430366384904
0.09968047536086448
0.09971137893635548
0.09973609036885242
0.09975494365911444
0.09976826382698281
0.09977636647868426
0.09977955703927963
0.09977812983684797
0.09977236722214947
0.099762538859173
0.09974890125809642
0.09973169756630705
0.09971115759563927
0.09968749804443824
0.09966092286778863
0.09963162375212745
0.09959978065669753
0.099565562393175
0.09952912722138041
0.09949062344608844
0.09945019000481108
0.0994079570405394
0.0993640464560365
0.09931857244824
0.09927164202230437
0.09922335548504539
0.09917380691761436
0.09912308462675316
0.09907127157339432
0.09901844577715599
0.09896468069491922
0.09891004557155852
0.0988546057614229
0.09879842301952761
0.09874155576220751
0.09868405929770577
0.09862598602821844
0.09856738562549673
0.09850830518273228
0.09844878934579918
0.0983888804269278
0.0983286185041548
0.09826804150911174
0.098207185306031
0.09814608376407144
0.09808476882510543
0.09802327056857867
0.09796161727502971
0.09789983548944482
0.09783795008552895
0.09777598433140795
0.09771395995716729
0.09765189722428172
0.09758981499660632
0.09752773081257543
0.09746566095802149
0.09740362053885158
0.09734162355314997
0.09727968296195953
0.09721781075785621
0.09715601803068302
0.09709431502943255
0.09703271121901173
0.09697121533092362
0.09690983540626487
0.09684857883026968
0.09678745235738181
0.09672646212662508
0.09666561366756288
0.09660491189768233
0.09654436111277048
0.0964839649722602
0.09642372648166338
0.09636364797475043
0.09630373109718343
0.09624397679366864
0.09618438529988936
0.09612495614002482
0.09606568812994101
0.09600657938611147
0.09594762733954422
0.09588882875395965
0.09583017974726464
0.09577167581536744
0.09571331185744841
0.09565508220184057
0.09559698063179381
0.09553900041069473
0.09548113430629741
0.09542337461374363
0.09536571317719772
0.09530814141032602
0.0952506503153242
0.09519323050103866
0.09513587219996243
0.0950785652846183
0.09502129928338877
0.0949640633960135
0.09490684650900036
0.09484963721095482
0.09479242380819901
0.09473519434060616
0.09467793659776953
0.09462063813558866
0.0945632862932456
0.09450586821063164
0.09444837084602667
0.09439078099436111
0.09433308530556252
0.09427527030340481
0.09421732240457692
0.09415922793806453
0.09410097316493032
0.09404254429841567
0.09398392752461401
0.09392510902364797
0.0938660749916134
0.09380681166326055
0.0937473053358215
0.09368754239382379
0.09362750933524053
0.09356719279900291
0.0935065795941918
0.09344565673063664
0.0933844114513388
0.09332283126643685
0.0932609039889064
0.09319861777166175
0.09313596114608579
0.09307292306161066
