0.1 -0.368880183540529
0.2 -0.5679984997208299
0.3 -0.6974962049604982
0.4 -0.7894312045314642
0.5 -0.8587287741830029
0.6 -0.9130878262338147
0.7 -0.9571545991006223
0.8 -0.9939425125556207
0.9 -1.0253906992478243
1.0 -1.0527176927559267
1.1 -1.0766954745849273
1.2 -1.0978282253939013
1.3 -1.1164673163723562
1.4 -1.132883398119723
1.5 -1.1473054760466708
1.6 -1.159940973704536
1.7 -1.1709837362031976
1.8 -1.1806159113600363
1.9 -1.1890070594441786
2.0 -1.1963127612750102
2.1 -1.202673610102548
2.2 -1.208214913113196
2.3 -1.2130470625001997
2.4 -1.21726642138387
2.5 -1.2209565249942513
2.6 -1.2241894299111729
2.7 -1.2270270867721051
2.8 -1.2295226545026627
2.9 -1.2317217088894967
3.0 -1.2336633235697265
3.1 -1.235381018279551
3.2 -1.236903579390725
3.3 -1.2382557632662887
3.4 -1.2394588953681573
3.5 -1.2405313785311747
3.6 -1.2414891232046439
3.7 -1.2423459112955975
3.8 -1.243113703865011
3.9 -1.243802901526894
4.0 -1.2444225650863046
