35.14274081132087 -0.3928426014151089
18.454463821496645 -0.6136159553741609
12.681683050924699 -0.7556311440967626
9.710660086845163 -0.8553300434225819
7.886932199494018 -0.9293326246837615
6.648129014872521 -0.9860967611543913
5.749206519939642 -1.030555704947187
5.0658683403532185 -1.0658683403532185
4.528193215974358 -1.0942173679711524
4.093736938296961 -1.1171711728712013
3.7351964651080296 -1.1358951395235404
3.434182691878299 -1.1512740378174484
3.1778396611127206 -1.163989449308171
2.9568981187085503 -1.1745717077399624
2.76449934712257 -1.1834362758548185
2.595455104513417 -1.1909102090268338
2.4457656707353292 -1.1972520503125743
2.3122964686125655 -1.202667054378273
2.192555321757474 -1.2073188891740014
2.0845354666213725 -1.2113386665534307
1.9866026443356015 -1.2148319413809539
1.8974124158852312 -1.2178841436843857
1.8158486210513924 -1.220564785522753
1.7409769016400105 -1.2229307049200318
1.6720091444471765 -1.225028576397427
1.6082759640889621 -1.2268968832891267
1.5492051853377953 -1.2285675005150591
1.49430485126217 -1.2300669794175951
1.4431496769877137 -1.2314175790804625
1.395370154872044 -1.2326380807701658
1.3506437232863389 -1.2337444277345633
1.308687557151141 -1.2347502286045637
1.2692526438013676 -1.235667155680641
1.232118885525395 -1.2365052634829294
1.1970910278783609 -1.2372732469678285
1.163995256241404 -1.2379786530863173
1.13267633625263 -1.2386280551684137
1.102995199422927 -1.2392271972589028
1.0748268952262048 -1.2397811142277477
1.0480588464874208 -1.2402942324371036
1.0225893570142373 -1.2407704546979654
0.9983263299598213 -1.2412132322890617
0.9751861629931742 -1.2416256260883105
0.9530927924422529 -1.242010358432391
0.9319768634845221 -1.2423698571004371
0.9117750074236592 -1.2427062926860404
0.8924292102946805 -1.2430216104812473
0.873886259636595 -1.2433175578195703
0.856097258389606 -1.2435957076363369
0.8390171966142558 -1.2438574788390981
0.8226045731700657 -1.2441041539591688
0.8068210606884428 -1.244336894474879
0.7916312081722934 -1.2445567541414442
0.7770021763876721 -1.2447646906167869
0.762903501910009 -1.2449615756313113
0.7493068862734179 -1.2451482039139254
0.7361860071659102 -1.2453253010571104
0.7235163490314425 -1.2454935304779577
0.7112750507939857 -1.245653499605645
0.699440768719671 -1.245805765397533
0.6879935526896921 -1.2459508392589023
0.6769147343770614 -1.2460891914222263
0.666186826010669 -1.2462212548340192
0.6557934285749352 -1.2463474285994813
0.6457191484357364 -1.2464680810403583
0.6359495215058663 -1.2465835524233972
0.6264709441686334 -1.246694157412304
0.6172706102690049 -1.246800187286541
0.6083364535604031 -1.246901911958477
0.599657095064 -1.24699958181
0.5912217948577622 -1.2470934293626392
0.5830204078657478 -1.2471836707917305
0.5750433432651754 -1.247270507294725
0.5672815271702384 -1.2473541263247054
0.5597263682881374 -1.2474347027012875
0.552369726274919 -1.247512399611731
0.545203882546985 -1.2475873695147313
0.538221513329085 -1.247659754958579
0.5314156647416669 -1.2477296893239602
0.5247797297500363 -1.247797297500362
0.5183074268151787 -1.247862696503685
0.5119927801016152 -1.2479259960415565
0.5058301011115062 -1.2479872990318763
0.49981397162660646 -1.248046702079368
0.4939392278507548 -1.2481042959142696
0.48820094565551453 -1.248160165796781
0.48259442684050335 -1.2482143918904738
0.47711518632795147 -1.248267049607466
0.4717589402182427 -1.2483182099279502
0.4665215946396668 -1.2483679396962517
0.4613992353314738 -1.2484163018955148
0.45638811790458833 -1.2484633559027658
0.4514846587291198 -1.2485091577260177
0.4466854264021138 -1.248553760224837
0.441987133752894 -1.2485972133156158
0.43738663034689274 -1.248639564162713
0.43288089545207536 -1.248680857356414
0.42846703143498704 -1.2487211350785912
0.4241422575561077 -1.2487604372568324
0.41990390413661927 -1.2487988017077412
