-0.3922059410463567
-0.6501138421636179
-0.8038940878715747
-0.9061476113409574
-0.9786833927878253
-1.0318904749370452
-1.0720251232547022
-1.1027398546132796
-1.12664682932887
-1.1454986657053323
-1.1605403115490003
-1.172675993567248
-1.182572002807837
-1.1907248273674695
-1.1975080397538438
-1.2032051309396852
-1.2080328732628136
-1.2121582368304713
-1.2157108133974155
-1.2187920156154484
-1.2214819065174567
-1.2238442668153768
-1.225930356515698
-1.227781723352112
-1.2294323206298043
-1.2309101189928178
-1.2322383399806291
-1.2334364034026066
-1.234520658338644
-1.2355049519526557
-1.236401077173646
-1.2372191290959291
-1.2379677914338898
-1.2386545685757684
-1.2392859749164302
-1.239867690348093
-1.240404688641652
-1.2409013438625853
-1.2413615187266325
-1.2417886376813132
-1.2421857466740174
-1.2425555613715844
-1.242900505975711
-1.2432227453700406
-1.24352421360058
-1.2438066408882835
-1.2440715794830262
-1.244320427142889
-1.244554447114848
-1.2447747845794437
-1.2449824802800382
-1.2451784821036387
-1.2453636551041454
-1.245538790225611
-1.2457046118818234
-1.2458617845279871
-1.2460109183628727
-1.2461525742996469
-1.2462872683347952
-1.246415475428895
-1.2465376329917384
-1.2466541440423236
-1.2467653800937504
-1.246871683797248
-1.2469733713686444
-1.2470707348141736
-1.2471640439691385
-1.2472535483616531
-1.2473394789132657
-1.2474220494883337
-1.2475014583040507
-1.2475778892129732
-1.24765151286967
-1.2477224877926494
-1.2477909613321028
-1.247857070553177
-1.2479209430436486
-1.2479826976537916
-1.2480424451752863
-1.248100288964976
-1.2481563255184447
-1.248210644997602
-1.2482633317158869
-1.2483144645842212
-1.248364117520568
-1.2484123598257297
-1.2484592565278574
-1.248504868698044
-1.2485492537392997
-1.2485924656510499
-1.2486345552712552
-1.2486755704980748
-1.248715556492989
-1.2487545558670046
-1.248792608851659
-1.248829753456227
-1.2488660256125437
-1.2489014593086494
-1.2489360867123849
-1.2489699382858794
-1.249003042891787
-1.2490354278919478
-1.2490671192391243
-1.2490981415622322
-1.249128518245522
-1.2491582715020906
-1.2491874224420247
-1.2492159911355036
-1.2492439966711817
-1.249271457210216
-1.2492983900362267
-1.249324811601595
-1.2493507375704618
-1.2493761828587724
-1.249401161671731
-1.2494256875390577
-1.2494497733483343
-1.2494734313767764
-1.2494966733217185
-1.2495195103300023
-1.2495419530265428
-1.2495640115420863
-1.2495856955403446
-1.2496070142444575
-1.2496279764627243
-1.249648590613574
-1.2496688647496117
-1.249688806580626
-1.249708423495451
-1.2497277225825703
-1.2497467106494158
-1.24976539424032
-1.2497837796531566
-1.249801872954708
-1.2498196799948513
-1.2498372064196261
-1.2498544576833042
-1.2498714390595596
-1.2498881556518096
-1.2499046124028086
-1.249920814103583
-1.249936765401685
-1.249952470808928
-1.249967934708479
-1.2499831613614814
-1.249998154913148
-1.2500129193983454
-1.2500274587467433
-1.2500417767875254
-1.2500558772536776
-1.2500697637859284
-1.2500834399363165
-1.2500969091714889
-1.250110174875706
-1.2501232403536204
-1.2501361088328817
-1.2501487834665264
-1.250161267335296
-1.2501735634497948
-1.2501856747525901
-1.2501976041202623
-1.2502093543653632
-1.2502209282384076
-1.2502323284297803
-1.2502435575716686
-1.2502546182399668
-1.2502655129561728
-1.2502762441892832
-1.2502868143576555
-1.2502972258308813
-1.25030748093162
-1.2503175819373988
-1.2503275310824082
-1.2503373305592171
-1.2503469825204754
-1.2503564890805563
-1.2503658523171124
-1.2503750742726312
-1.2503841569558471
-1.2503931023431576
-1.2504019123799162
-1.2504105889817057
-1.250419134035494
-1.2504275494007655
-1.2504358369105515
-1.2504439983724496
-1.2504520355695359
-1.2504599502612483
-1.2504677441842147
-1.250475419053029
-1.2504829765609884
-1.2504904183807635
-1.250497746165041
-1.2505049615471069
-1.2505120661413889
-1.2505190615439417
-1.2505259493328822
-1.2505327310687857
-1.2505394082949945
-1.2505459825379197
