0.1 -0.38554688013691474
0.2 -0.5956659203236541
0.3 -0.7335873882781001
0.4 -0.8331982527619304
0.5 -0.9083875163246422
0.6 -0.9665857672378846
0.7 -1.0124154513461845
0.8 -1.0489774409824626
0.9 -1.078454983966316
1.0 -1.1024364697081694
1.1 -1.1221056914632501
1.2 -1.1383607099014985
1.3 -1.1518917759807101
1.4 -1.1632345933279216
1.5 -1.1728080530117961
1.6 -1.1809417898681451
1.7 -1.1878967319004805
1.8 -1.1938805084238315
1.9 -1.1990592445478434
2.0 -1.2035667156972203
2.1 -1.2075112591939363
2.2 -1.210981035029131
2.3 -1.2140481370591305
2.4 -1.2167718313634277
2.5 -1.2192011025571803
2.6 -1.221376652641153
2.7 -1.2233324745198515
2.8 -1.2250970986697045
2.9 -1.226694587552449
3.0 -1.2281453336448866
3.1 -1.2294667033248037
3.2 -1.2306735584416735
3.3 -1.2317786796862862
3.4 -1.2327931105509071
3.5 -1.233726437032664
3.6 -1.2345870155484162
3.7 -1.2353821593434606
3.8 -1.236118291776613
3.9 -1.2368010731927168
4.0 -1.2374355066689233
