12.720542325625253 -0.3300677907031565
7.428066397096825 -0.5970165992742062
5.412511302935162 -0.7696917386006857
4.293011126650284 -0.8865055633251419
3.5658539223597456 -0.968658701474841
3.0505338183586637 -1.0279003637689978
2.664547557848754 -1.0714791131176602
2.364241365607141 -1.1042413656071406
2.123847351632007 -1.1293282705860082
1.9269408368141316 -1.1486760460176646
1.7628548173870042 -1.1639253739071307
1.6240149000123647 -1.1760223500185467
1.50508956570609 -1.1857705442723967
1.4021289718427785 -1.1937257007248625
1.312174523207557 -1.2003272310141695
1.2329163195186763 -1.2058326390373524
1.1625708257017218 -1.2104630046161584
1.0997483659975678 -1.2144338234945276
1.043291535408775 -1.2178173965958403
0.9922949634074172 -1.2207374085185432
0.9460100577853929 -1.2232764016866564
0.9038182754563031 -1.2255002575048333
0.8652039207838449 -1.227461272253554
0.8297332573973204 -1.229199772191961
0.7970440223389795 -1.230762569809311
0.7668167470945383 -1.2321544280572494
0.7387897901072812 -1.233415541612074
0.7127271308641411 -1.234544958024494
0.6884315727334547 -1.2355644511587733
0.6657303850529153 -1.2364889439484321
0.6444723593691728 -1.2373303925555448
0.6245246687602506 -1.2380986750410024
0.605770209404758 -1.2388021137946263
0.5881053678761998 -1.239447813473849
0.5714381478898044 -1.2400418970178941
0.5556865955166712 -1.2405896798250204
0.5407774709652 -1.2410958032140504
0.5266451240872956 -1.2415643394146538
0.5132305386376408 -1.2419988758584988
0.5004805168080912 -1.2424025840404564
0.4883469808082578 -1.2427782766423212
0.47678637247993505 -1.2431284555196591
0.4657591353246767 -1.2434553523701375
0.4552292660667115 -1.2437609633669133
0.4451639251044353 -1.2440470787124485
0.43553309702378606 -1.24431530788677
0.4263092938312094 -1.244567101258355
0.4174672947736536 -1.2448037686419215
0.40898391760046615 -1.2450264953028551
0.4008378169316694 -1.2452363558229338
0.3930093060650455 -1.2454343261646652
0.38548019910881703 -1.2456212942073104
0.3782336707890919 -1.245798068977734
0.3712541316683409 -1.2459653887613014
0.3645271168362389 -1.2461239282491425
0.3580391864078368 -1.2462743048548572
0.35177783639502685 -1.2464170843145663
0.34573141871274304 -1.246552785667387
0.339889069247262 -1.246681885698557
0.33424064305525075 -1.2468048229143804
0.32877665588284066 -1.24692200110666
0.32348823129738485 -1.2470337925547326
0.31836705281334604 -1.2471405409051002
0.3134053204702946 -1.247242563762357
0.30859571138705744 -1.2473401550198413
0.30393134387325327 -1.2474335869543396
0.2994057447290479 -1.2475231121057762
0.2950128194070388 -1.2476089649598296
0.29074682474770236 -1.2476913634489328
0.28660234403257995 -1.2477705102850745
0.2825742641280726 -1.2478465941366446
0.27865775451796193 -1.247919790661657
0.2748482480451251 -1.2479902634117663
0.2711414232027682 -1.2480581646256057
0.2675331878331418 -1.248123635935704
0.2640196641072303 -1.2481868090186878
0.2605971746723085 -1.248247806220969
0.2572622298655238 -1.2483067411888567
0.25401151590091603 -1.248363719521546
0.2508418839449319 -1.248418839449319
0.24775034000208992 -1.2484721925211606
0.2447340355387844 -1.2485238642725398
0.24179025877976412 -1.2485739348400524
0.2389164266187333 -1.2486224794966996
0.23611007709143286 -1.2486695690964744
0.23336886236585666 -1.248715270432959
0.23069054220945942 -1.2487596465278712
0.22807297789724057 -1.2488027568696465
0.2255141265276566 -1.2488446576201797
0.2230120357158014 -1.2488854018027655
0.2205648386355087 -1.248925039478911
0.2181707493841233 -1.248963617917418
0.21582805864573687 -1.2490011817566913
0.21353512963063492 -1.24903777315996
0.21129039427057503 -1.2490734319630783
0.209092349651216 -1.249108195814592
0.20693955466459796 -1.2491421003082501
0.2048306268659824 -1.2491751791082848
0.2027642395206338 -1.2492074640678432
0.20073911882727763 -1.2492389853409707
0.19875404130600366 -1.2492697714882963
0.19680783133933497 -1.2492998495765208
0.19489935885605186 -1.2493292452716676
0.19302753714816073 -1.2493579829260892
0.1911913208121382 -1.2493860856593137
0.18938970380625952 -1.2494135754329385
0.1876217176164429 -1.2494404731199238
0.1858864295236113 -1.2494667985687526
0.1841829409660874 -1.249492570662941
0.18251038599101355 -1.2495178073764361
0.18086792978921398 -1.2495425258253436
0.17925476730831416 -1.2495667423163983
0.17767012193929055 -1.2495904723924791
0.17611324427196295 -1.2496137308754722
0.17458341091524307 -1.2496365319066192
0.17307992337824654 -1.2496588889845746
0.1716021070086312 -1.249680815001231
0.17014930998477887 -1.2497023222754884
0.16872090235865497 -1.249723422584993
0.16731627514639716 -1.2497441271959575
0.16593483946387966 -1.2497644468911795
0.16457602570467303 -1.2497843919962637
0.16323928275799637 -1.2498039724041943
0.16192407726440794 -1.249823197598323
0.16062989290712812 -1.2498420766738767
0.15935622973702088 -1.2498606183580787
0.15810260352938482 -1.249878831028984
0.1568685451708212 -1.249896722733139
0.15565360007455334 -1.249914301202173
0.15445732762267106 -1.2499315738684047
0.1532793006338663 -1.2499485478795604
0.15211910485531574 -1.2499652301127095
0.15097633847743966 -1.2499816271874344
0.14985061167035052 -1.2499977454783713
0.1487415461408657 -1.2500135911271089
0.14764877470903143 -1.2500291700535344
0.1465719409031609 -1.2500444879666304
0.14551069857245078 -1.2500595503747762
0.1444647115162916 -1.2500743625955664
0.1434336531294361 -1.2500889297651316
0.1424172060622442 -1.2501032568470543
0.1414150618952561 -1.250117348640796
0.14042692082739763 -1.2501312097897324
0.13945249137715138 -1.250144844788725
0.13849149009607237 -1.2501582579913115
0.13754364129405408 -1.2501714536164867
0.13660867677578656 -1.250184435755078
0.13568633558787854 -1.250197208375753
0.13477636377614222 -1.2502097753306487
0.13387851415256813 -1.2502221403606524
0.132992546071542 -1.2502343071003557
0.13211822521487604 -1.250246279082645
0.13125532338525706 -1.250258059743041
0.13040361830772504 -1.2502696524237071
0.12956289343882416 -1.2502810603772176
0.1287329377830805 -1.25029228677007
0.12791354571648242 -1.250303334685967
0.12710451681665355 -1.2503142071289075
0.126305655699426 -1.2503249070260918
0.12551677186153337 -1.250335437230667
0.12473767952915994 -1.250345800524344
0.12396819751209366 -1.250355999619897
0.12320814906324269 -1.2503660371635699
0.12245736174328899 -1.2503759157374241
0.12171566729026057 -1.250385637861624
0.12098290149381626 -1.2503952059966874
0.12025890407404631 -1.2504046225457164
0.11954351856460113 -1.2504138898566237
0.11883659219996925 -1.2504230102243503
0.11813797580673333 -1.2504319858930835
0.11744752369864257 -1.2504408190584848
0.11676509357534438 -1.250449511869904
0.11609054642462906 -1.250458066432603
0.11542374642804358 -1.2504664848099476
0.11476456086974023 -1.2504747690255675
0.11411286004843153 -1.2504829210654937
0.11346851719232617 -1.2504909428802167
0.11283140837692907 -1.2504988363866716
0.11220141244559292 -1.2505066034701415
0.11157841093271345 -1.2505142459860525
0.11096228798946528 -1.250521765761652
0.11035293031198029 -1.2505291645975514
0.10975022707187523 -1.2505364442691462
0.10915406984903811 -1.2505436065278766
0.10856435256658858 -1.2505506531023607
0.10798097142793044 -1.250557585699383
0.10740382485581698 -1.250564406004722
0.10683281343335678 -1.2505711156838846
0.10626783984688551 -1.2505777163826701
0.10570880883063827 -1.250584209727659
0.10515562711315465 -1.2505905973265672
0.10460820336535603 -1.250596880768545
0.10406644815023226 -1.2506030616243535
0.10353027387408378 -1.250609141446532
0.1029995947392605 -1.2506151217694745
0.10247432669834645 -1.2506210041094883
0.10195438740973971 -1.2506267899648407
0.10143969619457593 -1.2506324808157543
0.10093017399495254 -1.2506380781244444
0.10042574333340532 -1.2506435833351333
