5
3.1663553385463428
2.944219753006211
2.8875376727207134
2.832776277483335
2.800542471574292
2.7787379473129885
2.7726288752954096
2.746231889230343
2.731704941291411
2.74507331654717
2.7350064421919225
2.7173826192136348
2.7323013540023346
2.7297007313017563
2.7188220358748807
2.7119465556046336
2.7056251430110563
2.7089671617449893
2.741856791714085
2.7308151276996004
2.7152969077253957
2.722412781071045
2.7567561659491946
2.7541731282824586
2.7222884664345424
2.709845201520792
2.6960259248944194
2.6934055169517057
2.6764777301890907
2.671128226580013
2.6631421781208156
2.6650375642381032
2.672233072183204
2.682822126458794
2.6801444477691083
2.6930241490913747
2.7105889757929313
2.7076112314442398
2.703561480118979
2.7250293230908063
2.7066424888881446
2.725003163594035
2.734776035237543
2.7036189517329996
2.7092363604010337
2.692554098921994
2.6739612381679168
2.6577261671597094
2.653191643854444
2.628930708798485
2.657848867577553
2.660104348472179
2.7024991467107613
2.7035458685365144
2.744779135390131
2.727967526685925
2.7534602169847604
2.766743810398681
2.7675667557493338
2.8015829680437343
2.7933222378909135
2.806073915150645
2.84660918534773
2.9416606166999073
3.1163907631124133

0
3.24256644135198
3.0602899249593336
2.9850988616583845
2.9493400369057374
2.9201238601822714
2.903029174716114
2.905543064090678
2.8905068608604005
2.8863639873793088
2.889691359666867
2.894233150987896
2.9088455089742116
2.9239364301872808
2.92585388395067
2.9269565254040755
2.91951261388737
2.913082422819294
2.9134295112939697
2.9415596645102076
2.923842912270765
2.9132774057409945
2.933570327778058
2.9470862513418266
2.9444229824551678
2.935728062600337
2.9414889836024356
2.930505989040838
2.9304785255485424
2.9167350076527514
2.8957978783237985
2.901317173846209
2.8988183083965375
2.906789528208238
2.8881616830872945
2.8948311640632767
2.893198773597654
2.914211320665574
2.9069061797657376
2.9046560750388384
2.904851059690791
2.9051904406325884
2.9156878765854337
2.9221213996712083
2.8833108709596402
2.8954567031447285
2.8677505998250457
2.869619078553086
2.8673346220477716
2.891887706663068
2.8764977394438356
2.8865118979288766
2.8836933719064337
2.901825741291506
2.924895184867448
2.9494720752361303
2.9404916972200446
2.939245084327477
2.9381106460984587
2.9504834820585804
2.9691925932273424
2.950326352585444
2.953084312192895
2.9882892707817685
3.058375533332356
3.2372648745588437

10
3.096777977888024
2.831048296006947
2.7917628773851857
2.7302571156625977
2.6907423303562257
2.672800020652626
2.661215026726063
2.627768763358224
2.6122846149227996
2.6334199241027685
2.62695681804018
2.5967878332926015
2.61001801818666
2.6136937403795977
2.6016024051654236
2.591884379803148
2.586001185823567
2.591840402588878
2.6308816484640127
2.6346457065188678
2.6244128419743604
2.6312798020646153
2.6689775034923207
2.6621301119706384
2.6347370669842887
2.622505582552008
2.6098079057972794
2.6051659162347667
2.5929619416656227
2.595831754557545
2.5866102481667204
2.594149702439246
2.5984105977751613
2.6126085872291416
2.605280369338788
2.62397137757479
2.648056318184695
2.6491275256381477
2.6450853047204097
2.6626094008031482
2.634186778464907
2.6440416047459876
2.6434793871164217
2.625501601498293
2.6199221234151744
2.598282305859591
2.571705841911964
2.5497694327830502
2.5327247990325046
2.504699875741134
2.5290326132346834
2.536680544976283
2.5770624794062065
2.567361098056059
2.5952963713927693
2.576665900693969
2.6098827548393104
2.6265442184996863
2.6166946395247486
2.652263695290188
2.657043834660497
2.680526172829192
2.7304607138134647
2.839331935772709
2.9894373338201574

