5
0.5786408370205648
0.25135992101026644
0.3055019851312916
0.32948825237296947
0.34560162468566014
0.30653963324827593
0.4305559696010916
0.49145416806780284
0.5035097156443789

0
0.8797836218703406
0.6827336342301928
0.6021771998434222
0.7519392296618262
0.5628409725362848
0.41591415262146675
0.3988175504054483
0.6400303215673869
0.8764150630647766

10
0.49518541301645996
0.09881923137284475
0.27487482307206995
0.2951517079057907
0.31968500430493574
0.34011677196781115
0.3979378983401819
0.4210605200919289
0.2935473415847698

