0
3.2354658826961367
3.056952735184982
2.978660094299062
2.9529096974884643
2.9203097949146226
2.9097783050202835
2.9044146216680824
2.896806902786464
2.894709505124383
2.902734056867724
2.894675767568339
2.904141508213093
2.894843410155447
2.8869623050971542
2.8827176791591835
2.907956523040461
2.9197954467598937
2.9408347972948765
2.9412577922613585
2.9428554299561895
2.92344198488214
2.937265615450995
2.9414826379835977
2.944073312247422
2.9301612148840377
2.918696777078882
2.9083838396095008
2.896640183668088
2.915755310727361
2.939240773893938
2.95116180808237
2.9296081525219417
2.926169208424418
2.9258105860659156
2.9320568663090354
2.9618400910161577
2.9615674924772013
2.9505583937589472
2.938958915460952
2.977121855959993
2.969690461119135
2.949396842469815
2.94200235902127
2.936108774126949
2.9401205555593295
2.9168184843902893
2.9163774844058707
2.9361970299193434
2.938918547913186
2.931838783990086
2.922243718566014
2.9053128942074027
2.8916411442694363
2.863047575806574
2.866700352239392
2.8810846467655122
2.8970404559607195
2.9030829693927336
2.904571762020431
2.9415923711631238
2.948554601953579
2.977796734064738
2.9963991371675656
3.079806596216165
3.2537172056290187

200
1.5012713089679182
1.6714154361682145
1.6710055328368922
1.6507932630314568
1.627532466901158
1.6053837445505665
1.5853088136721498
1.5673048278133277
1.5510970505375883
1.5364616992573048
1.5233334989488454
1.5113787623397832
1.49981333852909
1.4877322145314467
1.4745911689839553
1.460363890204837
1.4454180366417664
1.4304310245447955
1.4167135019832306
1.4058188542064154
1.398719232386948
1.3954491913760916
1.3952175829793476
1.3968630356478247
1.3994452582354255
1.402456629365023
1.405532093151891
1.4084620075517262
1.4114342621741218
1.4146580572277099
1.4181426841774647
1.4218231711900648
1.4257994035159478
1.4303031025330173
1.4357015744597685
1.442268519862722
1.4496883957332292
1.4568338890444632
1.4622414605329457
1.4648228231393343
1.4644775895145155
1.4621175275817964
1.458981796407069
1.4560752799987695
1.454460790537085
1.4550044240979019
1.457780511789273
1.4621645728234767
1.467207787980061
1.471896411059857
1.4757512842265674
1.4793558018116986
1.4841321019819567
1.4913588174492833
1.5014746220647777
1.514189509979758
1.5290912973750186
1.546064659772894
1.5653113486971377
1.5869315383332205
1.6105106472149147
1.6344767810410594
1.6540899098770319
1.6525104067601697
1.4804101084747503

