40
1.9449996975265758
2.0918341188745644
2.081099458068257
2.054915328768024
2.030452099737745
2.011100082223381
1.9963699721194708
1.9856001846686149
1.97919918593827
1.9776107906707692
1.980722347911106
1.9903332609865036
2.007947835106833
2.0325857134122267
2.058864983891147
2.070647030131097
1.9287045616714755

80
1.7376851074349986
1.941752277299204
1.9649804939394995
1.964243719189735
1.9573916715796071
1.949489183889699
1.9424413898877337
1.9370876900926006
1.933886493481302
1.9331199996314936
1.9348928087027648
1.9390205020573805
1.9447937534536284
1.950312542345506
1.9504725473774907
1.9274634423957548
1.725073569010703

0
3.2247808757695733
3.049808036473964
3.0258195088677713
2.9851032286143173
2.9530643973677453
2.951416657336683
2.925184406726598
2.9119417672530608
2.8984277613230165
2.9392850149096583
2.9299291714717217
2.9059567093081866
2.9015182524162624
2.925621004656124
2.966123830093582
3.040910701887128
3.2207157071675407

