5
2.339221527288722
2.0603286946692396
1.9983956722769918
1.945542468830237
1.974389771991657
1.8935471355132438
1.96601775608652
1.9862440004243875
1.9923865288817062
1.9720333007634279
1.9634160864839476
1.95570874862401
1.9660638632494931
2.0108199924695405
2.0872067390869513
2.1859099306112606
2.269526933144304

0
2.5723100704070876
2.4161811026599724
2.3010585030369626
2.2676901529975813
2.3375897622876955
2.3062353380767444
2.3121967018238676
2.3566997854697385
2.3437022443455104
2.28884305507571
2.2422603896971864
2.2262185483027555
2.2100952097390483
2.2211544591157875
2.268112134095018
2.3256832405245698
2.5182499806372745

10
2.1684533223225717
1.8086792011354564
1.826345928894479
1.7746238121779339
1.7643069310603199
1.7133615361426635
1.758086919036866
1.7573867077961058
1.764668457757965
1.7564817958462418
1.767978810860842
1.7765078964357492
1.7963427078694147
1.832239041688968
1.9014354958503001
1.9910380939125207
2.011028825859865

