5
1.2454916688202518
2.4216440514267545
3.5246939014635026
4.437618471751506
4.989245225518557
5.243798142126521
5.37440734364361
5.405839139008977
5.469162914419576
5.48644788687059
5.422699041793107
5.421816413254522
5.420861457683557
5.413417528373044
5.3642742962526535
5.356492638883445
5.338582870570819
5.374463173389783
5.387614078494977
5.432652226425197
5.4187276820018235
5.477726618005375
5.470988196086095
5.483195459842523
5.511030740843785
5.538292291921163
5.578470270443199
5.592138646248049
5.637095746792016
5.732361277611877
5.883288203810935
6.282474346068001

0
1.383488794014334
2.745425506308402
4.00886495705944
5.03582130668609
5.602639725178622
5.777707236875485
5.831817668065582
5.837360324391615
5.859222451276523
5.8689819321093415
5.816826998677905
5.80872092244838
5.791590271807695
5.81117792426973
5.780763933744934
5.804970078267543
5.796010340597423
5.81346842008891
5.809547255041533
5.825762171271674
5.8337406937899345
5.843705226211226
5.830183056883822
5.8256090717060065
5.8286175069586665
5.856026546149208
5.872221767943442
5.8704502127677065
5.9024243490986255
5.9733881324401485
6.1186654582916855
6.479831315910822

10
1.128352244197691
2.1450192304167355
3.112471041004306
3.959499481267716
4.543970419033488
4.902853982909597
5.112334316626701
5.190395985404467
5.270439117977398
5.296868198959349
5.250102838010968
5.241270339021798
5.2314119625560584
5.201671636289498
5.140934354021379
5.11815662784638
5.096061705109326
5.130143836611717
5.149911935321169
5.186615194831197
5.163674314903181
5.221791624819691
5.209615115031555
5.221705481543413
5.253865266805755
5.277466812728279
5.3246180536116015
5.3473615325328785
5.410346168537808
5.521761361263016
5.670009030399824
6.086121791066186

