0.1 -1.0896940254494178
0.2 -0.9760965401202798
0.3 -1.0038779714843074
0.4 -1.052887963835836
0.5 -1.04601177074354
0.6 -1.019877828137204
0.7 -0.9767964374304046
0.8 -0.9128237499354489
0.9 -0.8280281748788163
1.0 -0.7287043046611541
1.1 -0.6245232499647948
1.2 -0.524276115904841
1.3 -0.43347285027547594
1.4 -0.3542911608923403
1.5 -0.28665892805493515
1.6 -0.22937925825419192
1.7 -0.18088741411019513
1.8 -0.13964790038083866
1.9 -0.1043178352192181
2.0 -0.07378716818858741
2.1 -0.04716427056570331
2.2 -0.02374264744505753
2.3 -0.0029651432039899638
2.4 0.015607954428173896
2.5 0.03232513924641904
2.6 0.04746439689826067
2.7 0.061249220020548154
2.8 0.07386086373887808
2.9 0.08544768476695509
3.0 0.09613225593898354
3.1 0.10601679807932296
3.2 0.11518734332404842
3.3 0.12371694220476481
3.4 0.1316681484972622
3.5 0.13909495674294797
3.6 0.1460443232091466
3.7 0.15255736824329807
3.8 0.15867033362547653
3.9 0.164415350441074
4.0 0.1698210595401132
