0.1 -0.21843176930587402
0.2 -0.7179818357682024
0.3 -0.9848461249388615
0.4 -1.0455995743264639
0.5 -1.0062989980166153
0.6 -0.9421469318123467
0.7 -0.8885987867177414
0.8 -0.8499964956163957
0.9 -0.8125660923619104
1.0 -0.7662781969133
1.1 -0.7105566766474076
1.2 -0.6531198859311365
1.3 -0.6029847060561341
1.4 -0.5642674873707612
1.5 -0.5361547475401701
1.6 -0.5158548932946415
1.7 -0.5006611517677516
1.8 -0.48860029403780514
1.9 -0.4783986900488194
2.0 -0.46928198200161936
2.1 -0.4607950905200992
2.2 -0.45267757307433953
2.3 -0.4447850935698523
2.4 -0.4370417976700748
2.5 -0.4294118273889261
2.6 -0.4218823307049208
2.7 -0.4144533126791171
2.8 -0.40713156386531874
2.9 -0.3999270338507026
3.0 -0.39285068297113773
3.1 -0.38591323466578564
3.2 -0.3791244799115131
3.3 -0.3724929209977978
3.4 -0.3660256233628761
3.5 -0.3597281936674814
3.6 -0.3536048326867942
3.7 -0.34765843052621354
3.8 -0.34189068358635955
3.9 -0.3363022202922585
4.0 -0.33089272748011417
