0.1 -1.2483808725059442
0.2 -1.243254439917898
0.3 -1.2349780475799035
0.4 -1.2262782944170711
0.5 -1.2118735311952846
0.6 -1.194802934749973
0.7 -1.1755511488176256
0.8 -1.1568617529254848
0.9 -1.1382601953121214
1.0 -1.1180117385076034
1.1 -1.0954003164062087
1.2 -1.0692888234842328
1.3 -1.0375307998768286
1.4 -0.9992804337573193
1.5 -0.9572986850917843
1.6 -0.9167190469118551
1.7 -0.881444357948582
1.8 -0.8524037911448018
1.9 -0.8284508744555432
2.0 -0.8078154355356268
2.1 -0.7889136891130167
2.2 -0.7705775120306162
2.3 -0.752030691020623
2.4 -0.7328043936764442
2.5 -0.712659278573248
2.6 -0.6915265071711663
2.7 -0.6694636021021787
2.8 -0.6466192463062458
2.9 -0.6232031507202905
3.0 -0.5994594028153185
3.1 -0.5756432388083574
3.2 -0.5520018497278758
3.3 -0.5287598314512744
3.4 -0.506109506487621
3.5 -0.484205849006394
3.6 -0.4631653265404971
3.7 -0.44306772773802566
3.8 -0.42395998783221345
3.9 -0.4058611118435881
4.0 -0.38876746963375036
