0.1 -1.2459057095351203
0.2 -1.2397091708389911
0.3 -1.2313685642298087
0.4 -1.2194230782587507
0.5 -1.2033636484232133
0.6 -1.1830123295554906
0.7 -1.159137914618934
0.8 -1.133061984315778
0.9 -1.1059684566175656
1.0 -1.0786044789598959
1.1 -1.0513410042004587
1.2 -1.0243541929561613
1.3 -0.9977795230443924
1.4 -0.9717902764815056
1.5 -0.9466050627774272
1.6 -0.9224526249644283
1.7 -0.8995261644481208
1.8 -0.8779496678625064
1.9 -0.8577643914436992
2.0 -0.838932852010369
2.1 -0.8213531833926156
2.2 -0.8048770097283037
2.3 -0.7893263143504736
2.4 -0.774507184303868
2.5 -0.7602199818846165
2.6 -0.7462663782780532
2.7 -0.7324540074834003
2.8 -0.7185995088885124
2.9 -0.7045306001288175
3.0 -0.6900876579301422
3.1 -0.6751251296090053
3.2 -0.6595129675323398
3.3 -0.6431381745855896
3.4 -0.625906466967541
3.5 -0.6077439973173957
3.6 -0.5885990335100126
3.7 -0.5684434553795358
3.8 -0.5472739134872661
3.9 -0.525112491863075
4.0 -0.5020067312944926
