0.1 -1.003648939672098
0.2 -1.0631763702944763
0.3 -1.0464024236796534
0.4 -1.0292785844419021
0.5 -1.0443345024088566
0.6 -1.0422745773365005
0.7 -1.0366613579533663
0.8 -1.0286968812635475
0.9 -1.0168606050481104
1.0 -0.9982149017222517
1.1 -0.969037318751228
1.2 -0.9264144849171511
1.3 -0.8705205945950008
1.4 -0.8056450029791551
1.5 -0.7384310539631008
1.6 -0.6747392062722272
1.7 -0.6178228819395527
1.8 -0.5684894390095742
1.9 -0.5261319622658065
2.0 -0.4896326350622898
2.1 -0.4578608187410021
2.2 -0.42986453394069984
2.3 -0.4049043841485533
2.4 -0.38242648227363174
2.5 -0.36202077153879875
2.6 -0.34338259185140046
2.7 -0.326282366722552
2.8 -0.31054332996389944
2.9 -0.2960257524120675
3.0 -0.2826159979615241
3.1 -0.27021901805138704
3.2 -0.25875323725842264
3.3 -0.24814707846882744
3.4 -0.2383366020921954
3.5 -0.22926389719569007
3.6 -0.2208759773051017
3.7 -0.2131240131278168
3.8 -0.20596278900289086
3.9 -0.19935030710602705
4.0 -0.19324748873523012
