0.1 -1.246147714903529
0.2 -1.2396491899827282
0.3 -1.23049496897697
0.4 -1.221480798006671
0.5 -1.2143959967927773
0.6 -1.1937063551899112
0.7 -1.1608841502057767
0.8 -1.130318019827665
0.9 -1.1093368387237668
1.0 -1.0904063818651022
1.1 -1.0706338633864034
1.2 -1.0500822733361794
1.3 -1.0291492553359423
1.4 -1.0078658983737288
1.5 -0.9859505453602428
1.6 -0.9630140062078264
1.7 -0.9387275730437961
1.8 -0.9129220725305581
1.9 -0.885621971958675
2.0 -0.8570271013837103
2.1 -0.8274610927707351
2.2 -0.7973085575650098
2.3 -0.7669592889708728
2.4 -0.7367693484091148
2.5 -0.7070403846129145
2.6 -0.6780132557469352
2.7 -0.6498704829202122
2.8 -0.6227429210052459
2.9 -0.5967176908837002
3.0 -0.5718458782269061
3.1 -0.5481494364245315
3.2 -0.5256271919270937
3.3 -0.5042600162387665
3.4 -0.4840152559685983
3.5 -0.4648504954690256
3.6 -0.44671670836235516
3.7 -0.4295608465388935
3.8 -0.41332791635414723
3.9 -0.3979625966517843
4.0 -0.38341045768570614
