0.1 -1.2442782227668994
0.2 -1.2273145692757652
0.3 -1.2146605522971299
0.4 -1.2028095840372321
0.5 -1.1892423579435876
0.6 -1.172992015493171
0.7 -1.153851698544973
0.8 -1.1320891851463193
0.9 -1.1083528408034242
1.0 -1.0837122525346015
1.1 -1.0595545958603911
1.2 -1.037177282088766
1.3 -1.017378730710151
1.4 -1.0003519711495166
1.5 -0.9858295854907688
1.6 -0.9732795130062832
1.7 -0.9620345829035678
1.8 -0.9513384210492882
1.9 -0.9403295919593675
2.0 -0.9279880052674494
2.1 -0.9130617463377678
2.2 -0.8939912935837404
2.3 -0.8688550839691385
2.4 -0.835375572239442
2.5 -0.7910442742063358
2.6 -0.733434868426218
2.7 -0.6607487006904198
2.8 -0.5725441300898023
2.9 -0.4704371419706501
3.0 -0.358409503159532
3.1 -0.24239305904433633
3.2 -0.1291187460366086
3.3 -0.02465966045870782
3.4 0.06670828272762762
3.5 0.14293327217702392
3.6 0.2039351676097324
3.7 0.25098720031556737
3.8 0.28605885351351534
3.9 0.3113082353282678
4.0 0.32877023918162923
