0.1 -1.2442820236235763
0.2 -1.2463165323475704
0.3 -1.2186428167855576
0.4 -1.2147651875768675
0.5 -1.1981970132755417
0.6 -1.1739898865333533
0.7 -1.151280635781608
0.8 -1.1296972225537592
0.9 -1.1054956033154753
1.0 -1.078384666136091
1.1 -1.0500162706354763
1.2 -1.0214554594828547
1.3 -0.9928277128907649
1.4 -0.963976623177895
1.5 -0.9348738728571184
1.6 -0.9056573379833317
1.7 -0.8765246969593719
1.8 -0.8476368214143855
1.9 -0.8190778061834119
2.0 -0.7908615516770006
2.1 -0.7629599397372973
2.2 -0.7353331021152463
2.3 -0.7079521076543471
2.4 -0.6808116619837247
2.5 -0.6539341087964214
2.6 -0.627367263521941
2.7 -0.6011786156881784
2.8 -0.5754479655442039
2.9 -0.5502599813412717
3.0 -0.5256976259526537
3.1 -0.5018369579567795
3.2 -0.4787434764499802
3.3 -0.456469947254651
3.4 -0.4350555082392392
3.5 -0.41452578528878686
3.6 -0.39489373818255263
3.7 -0.3761609782691648
3.8 -0.35831934135635807
3.9 -0.3413525475802352
4.0 -0.32523782712570815
