0.1 -1.2459902815483703
0.2 -1.2386694642218044
0.3 -1.2237088201691748
0.4 -1.2049611154544204
0.5 -1.1749077309470646
0.6 -1.156064185053644
0.7 -1.132643019642671
0.8 -1.1085671744179868
0.9 -1.0843157709760318
1.0 -1.0603000806650162
1.1 -1.035685769998664
1.2 -1.0086546445464126
1.3 -0.9778215507158003
1.4 -0.9433446568130298
1.5 -0.9069308405801575
1.6 -0.87079844789446
1.7 -0.8365845101739976
1.8 -0.8049657572651117
1.9 -0.7758875096919914
2.0 -0.7489489214614635
2.1 -0.7236822871670118
2.2 -0.6996889701851913
2.3 -0.6766798702058922
2.4 -0.6544694868439316
2.5 -0.6329534317055151
2.6 -0.6120837603891097
2.7 -0.5918478022383363
2.8 -0.5722520282823671
2.9 -0.5533107506271933
3.0 -0.5350388230473418
3.1 -0.5174473863190843
3.2 -0.5005417827202158
3.3 -0.4843209191836544
3.4 -0.4687775263691329
3.5 -0.453898913493371
3.6 -0.43966794505757145
3.7 -0.426064063416797
3.8 -0.4130642527817295
3.9 -0.4006438900615326
4.0 -0.38877746076315706
