0.1 -1.2467869691151467
0.2 -1.238290214317355
0.3 -1.2302881869982876
0.4 -1.2194638842857708
0.5 -1.205194895488522
0.6 -1.1863932487704865
0.7 -1.1668223314547967
0.8 -1.145080924215391
0.9 -1.120149481825255
1.0 -1.0952676632683462
1.1 -1.07250060546604
1.2 -1.050625778580495
1.3 -1.0275111084250697
1.4 -1.0017525919136412
1.5 -0.9731646203127594
1.6 -0.942643991708097
1.7 -0.9115917174254557
1.8 -0.8812418950011722
1.9 -0.8522805652018769
2.0 -0.8248373812173803
2.1 -0.7986796169730684
2.2 -0.7734250846327521
2.3 -0.7486906783408438
2.4 -0.7241703200328946
2.5 -0.6996633385006137
2.6 -0.6750744065926424
2.7 -0.6503991879184107
2.8 -0.6257038794589915
2.9 -0.601103242588886
3.0 -0.5767397963799146
3.1 -0.5527657774878942
3.2 -0.5293287536603508
3.3 -0.5065612095964895
3.4 -0.48457396381268314
3.5 -0.4634529398122352
3.6 -0.4432586190437444
3.7 -0.42402743917267444
3.8 -0.405774440881918
3.9 -0.3884965720332046
4.0 -0.3721761932371058
