0.1 -1.2450578370919734
0.2 -1.2370237787347238
0.3 -1.2270656632240815
0.4 -1.2164802215305777
0.5 -1.203408361131135
0.6 -1.1892673974101493
0.7 -1.1715001104578315
0.8 -1.1497886455311874
0.9 -1.1246157435556403
1.0 -1.09676256286961
1.1 -1.0671422104298436
1.2 -1.0366025288595304
1.3 -1.0058257774339794
1.4 -0.9753162466537407
1.5 -0.9454315697492176
1.6 -0.9164222678230967
1.7 -0.8884624728377711
1.8 -0.8616687181347514
1.9 -0.8361101823475123
2.0 -0.8118148751418862
2.1 -0.7887749019682986
2.2 -0.7669521903724437
2.3 -0.7462848187814196
2.4 -0.7266935102016437
2.5 -0.7080877523771016
2.6 -0.6903711427019951
2.7 -0.6734457557885241
2.8 -0.6572155029558104
2.9 -0.641588565977723
3.0 -0.6264790448722375
3.1 -0.6118079762073668
3.2 -0.5975038702801565
3.3 -0.5835028951358785
3.4 -0.5697488110393036
3.5 -0.5561927354489674
3.6 -0.5427927980602346
3.7 -0.5295137288277576
3.8 -0.5163264089712319
3.9 -0.5032074053405327
4.0 -0.4901385015700894
