0.1 -1.2387005828808455
0.2 -1.2221852122232197
0.3 -1.2157783422038264
0.4 -1.2103140151096201
0.5 -1.182360996430671
0.6 -1.1479164389774485
0.7 -1.1283574713722475
0.8 -1.1120984234365043
0.9 -1.0919401252272931
1.0 -1.0669436801911703
1.1 -1.0390295358188826
1.2 -1.0102282792135533
1.3 -0.9817407283648184
1.4 -0.9541144650057479
1.5 -0.9275197631268994
1.6 -0.9018909058736493
1.7 -0.8770226961437636
1.8 -0.8526598873607113
1.9 -0.8285666164227384
2.0 -0.8045657983579652
2.1 -0.7805519855060494
2.2 -0.7564869995929373
2.3 -0.7323870422513927
2.4 -0.7083072676744764
2.5 -0.6843272137593063
2.6 -0.660538653246507
2.7 -0.6370363053343288
2.8 -0.6139112473812928
2.9 -0.5912466016546077
3.0 -0.5691150042549764
3.1 -0.5475773967859981
3.2 -0.5266827561023709
3.3 -0.5064684599751211
3.4 -0.48696106081463464
3.5 -0.4681773002633031
3.6 -0.4501252444559657
3.7 -0.43280545515988345
3.8 -0.4162121384008074
3.9 -0.4003342318052224
4.0 -0.38515640647404303
