0.1 -1.1100816045250927
0.2 -1.111487334119597
0.3 -1.1124680201895092
0.4 -1.1129048547461842
0.5 -1.1126453170434412
0.6 -1.1114893185012509
0.7 -1.1091576361583322
0.8 -1.1052475359946745
0.9 -1.0992009911736504
1.0 -1.0903324589408796
1.1 -1.0779628435768334
1.2 -1.0616539815509762
1.3 -1.0414373446639165
1.4 -1.0178704388720967
1.5 -0.9918469034318776
1.6 -0.9642806470135229
1.7 -0.9358694518098367
1.8 -0.9070384196690475
1.9 -0.8780160775039039
2.0 -0.8489442245477766
2.1 -0.819956315434049
2.2 -0.7912087072666438
2.3 -0.7628773745611186
2.4 -0.7351391381211347
2.5 -0.7081518574479109
2.6 -0.6820409118799818
2.7 -0.6568936714486534
2.8 -0.6327605345334407
2.9 -0.609660050044735
3.0 -0.5875858069573743
3.1 -0.5665134364727099
3.2 -0.5464067808623441
3.3 -0.5272228361473855
3.4 -0.5089154298115146
3.5 -0.49143778128442656
3.6 -0.47474416465691316
3.7 -0.45879089774812365
3.8 -0.4435368536534343
3.9 -0.4289436516037159
4.0 -0.4149756448942928
